BatV1, BatI1, BatEn1, PanelV1, PanelP1, BatV2,BatI2, BatEn2, PanelV2, PanelP2, Hours
12.40, 0.54, 0.01, 19.69, 43.00, 0.0002
13.44, 3.31, 0.01, 19.10, 45.00, 0.0002
12.39, 0.49, 0.01, 18.95, 43.00, 0.0031
13.45, 3.31, 0.01, 19.47, 45.00, 0.0031
12.39, 0.45, 0.01, 20.05, 42.00, 0.0059
13.45, 3.24, 0.01, 20.35, 45.00, 0.0059
12.39, 0.42, 0.01, 19.29, 42.00, 0.0087
13.44, 3.21, 0.01, 19.43, 44.00, 0.0087
12.40, 0.48, 0.01, 19.26, 42.00, 0.0114
13.44, 3.17, 0.01, 19.89, 43.00, 0.0114
12.40, 0.58, 0.01, 19.62, 43.00, 0.0142
13.45, 3.19, 0.01, 19.92, 43.00, 0.0142
12.42, 0.58, 0.01, 18.86, 43.00, 0.0170
13.44, 3.19, 0.01, 20.38, 44.00, 0.0170
12.41, 0.61, 0.01, 19.23, 44.00, 0.0198
13.44, 3.29, 0.01, 19.40, 45.00, 0.0198
12.42, 0.65, 0.01, 19.20, 44.00, 0.0226
13.44, 3.29, 0.01, 18.95, 45.00, 0.0226
12.42, 0.63, 0.01, 18.77, 44.00, 0.0253
13.45, 3.34, 0.01, 19.86, 46.00, 0.0253
12.40, 0.64, 0.01, 19.56, 45.00, 0.0281
13.44, 3.36, 0.01, 19.86, 46.00, 0.0281
12.42, 0.69, 0.01, 19.56, 45.00, 0.0309
13.45, 3.39, 0.01, 19.37, 46.00, 0.0309
12.42, 0.70, 0.01, 19.99, 45.00, 0.0337
13.45, 3.43, 0.01, 19.37, 47.00, 0.0337
12.42, 0.71, 0.01, 20.02, 45.00, 0.0364
13.45, 3.42, 0.01, 18.89, 47.00, 0.0364
12.42, 0.70, 0.01, 19.53, 45.00, 0.0392
13.45, 3.43, 0.01, 19.83, 47.00, 0.0392
12.42, 0.70, 0.01, 19.50, 45.00, 0.0420
13.45, 3.39, 0.01, 20.32, 47.00, 0.0420
12.42, 0.64, 0.01, 19.93, 45.00, 0.0448
13.45, 3.45, 0.01, 19.34, 47.00, 0.0448
12.42, 0.69, 0.01, 19.96, 45.00, 0.0475
13.45, 3.45, 0.01, 19.28, 47.00, 0.0475
12.42, 0.64, 0.01, 19.01, 44.00, 0.0503
13.45, 3.42, 0.01, 19.77, 47.00, 0.0503
12.42, 0.59, 0.01, 20.39, 44.00, 0.0531
13.45, 3.39, 0.01, 19.77, 47.00, 0.0531
12.41, 0.63, 0.01, 19.47, 44.00, 0.0559
13.45, 3.36, 0.01, 19.28, 46.00, 0.0559
12.42, 0.57, 0.01, 19.87, 44.00, 0.0587
13.44, 3.31, 0.01, 20.23, 46.00, 0.0587
12.42, 0.59, 0.01, 18.95, 44.00, 0.0614
13.45, 3.35, 0.01, 19.27, 46.00, 0.0614
12.41, 0.56, 0.01, 20.33, 43.00, 0.0642
13.45, 3.32, 0.01, 18.79, 46.00, 0.0642
12.41, 0.56, 0.01, 19.38, 43.00, 0.0670
13.45, 3.32, 0.01, 19.74, 46.00, 0.0670
12.40, 0.53, 0.01, 19.38, 43.00, 0.0698
13.45, 3.28, 0.01, 19.25, 45.00, 0.0698
12.47, 1.25, 0.01, 19.84, 52.00, 0.0726
13.45, 3.25, 0.01, 19.22, 45.00, 0.0726
12.47, 1.18, 0.01, 20.30, 51.00, 0.0753
13.45, 3.04, 0.01, 16.99, 42.00, 0.0753
12.47, 1.21, 0.01, 19.38, 51.00, 0.0781
13.47, 3.35, 0.01, 20.03, 46.00, 0.0781
12.47, 1.11, 0.01, 20.30, 51.00, 0.0809
13.47, 3.38, 0.01, 19.59, 46.00, 0.0809
12.47, 1.14, 0.01, 19.81, 50.00, 0.0837
13.45, 3.15, 0.01, 19.56, 45.00, 0.0837
12.47, 1.06, 0.01, 19.78, 50.00, 0.0864
13.45, 2.86, 0.01, 18.88, 40.00, 0.0864
12.44, 0.64, 0.01, 19.32, 45.00, 0.0892
13.43, 2.43, 0.01, 18.52, 36.00, 0.0892
12.46, 0.78, 0.01, 17.85, 46.00, 0.0920
13.41, 2.13, 0.01, 19.50, 29.00, 0.0920
12.46, 0.84, 0.01, 19.69, 47.00, 0.0948
13.42, 2.42, 0.01, 21.32, 33.00, 0.0948
12.46, 0.76, 0.01, 18.98, 45.00, 0.0976
13.44, 2.84, 0.01, 19.28, 38.00, 0.0976
12.46, 0.86, 0.01, 19.01, 46.00, 0.1003
13.44, 2.89, 0.01, 17.13, 39.00, 0.1003
12.45, 1.00, 0.01, 17.42, 47.00, 0.1031
13.44, 3.20, 0.01, 18.98, 43.00, 0.1031
12.47, 1.27, 0.01, 19.96, 51.00, 0.1059
13.45, 3.10, 0.01, 19.50, 43.00, 0.1059
12.47, 1.25, 0.01, 19.66, 51.00, 0.1087
13.45, 3.01, 0.01, 19.22, 42.00, 0.1087
12.45, 0.85, 0.01, 19.62, 48.00, 0.1114
13.46, 3.13, 0.01, 19.77, 42.00, 0.1114
12.44, 0.61, 0.01, 18.83, 44.00, 0.1142
13.47, 3.27, 0.01, 18.92, 44.00, 0.1142
12.39, -0.21, -0.00, 19.19, 36.00, 0.1170
13.47, 3.24, -0.00, 19.52, 45.00, 0.1170
12.41, -0.09, -0.00, 20.31, 33.00, 0.1198
13.47, 3.29, -0.00, 19.47, 45.00, 0.1198
12.42, 0.27, 0.00, 21.16, 39.00, 0.1225
13.47, 3.30, 0.00, 19.13, 45.00, 0.1225
12.44, 0.62, 0.01, 19.68, 43.00, 0.1253
13.45, 3.21, 0.01, 19.86, 44.00, 0.1253
12.46, 0.82, 0.01, 18.10, 46.00, 0.1281
13.46, 3.21, 0.01, 19.46, 44.00, 0.1281
12.46, 1.46, 0.02, 19.44, 54.00, 0.1309
13.44, 2.89, 0.02, 19.43, 44.00, 0.1309
12.46, 1.46, 0.02, 19.41, 54.00, 0.1337
13.43, 2.79, 0.02, 17.94, 38.00, 0.1337
12.47, 1.51, 0.02, 19.84, 54.00, 0.1364
13.44, 2.97, 0.02, 18.52, 40.00, 0.1364
12.47, 1.50, 0.02, 19.84, 55.00, 0.1392
13.44, 3.39, 0.02, 19.83, 47.00, 0.1392
12.47, 1.50, 0.02, 19.87, 54.00, 0.1420
13.44, 3.43, 0.02, 20.47, 46.00, 0.1420
12.47, 1.48, 0.02, 20.24, 55.00, 0.1448
13.45, 3.39, 0.02, 19.46, 47.00, 0.1448
12.47, 1.50, 0.02, 20.20, 55.00, 0.1476
13.44, 3.18, 0.02, 18.92, 44.00, 0.1476
12.47, 1.52, 0.02, 19.84, 55.00, 0.1503
13.45, 3.29, 0.02, 18.06, 45.00, 0.1503
12.47, 1.48, 0.02, 19.81, 55.00, 0.1531
13.45, 3.28, 0.02, 19.83, 46.00, 0.1531
12.47, 1.48, 0.02, 19.47, 55.00, 0.1559
13.43, 2.79, 0.02, 19.49, 40.00, 0.1559
12.47, 1.48, 0.02, 20.17, 55.00, 0.1587
13.42, 2.91, 0.02, 18.06, 39.00, 0.1587
12.47, 1.47, 0.02, 20.12, 55.00, 0.1614
13.44, 3.10, 0.02, 17.07, 42.00, 0.1614
12.47, 1.47, 0.02, 19.23, 55.00, 0.1642
13.45, 3.39, 0.02, 18.79, 45.00, 0.1642
12.47, 1.50, 0.02, 19.23, 55.00, 0.1670
13.47, 3.52, 0.02, 19.68, 48.00, 0.1670
12.47, 1.50, 0.02, 19.47, 55.00, 0.1698
13.35, 0.44, 0.02, 18.92, 31.00, 0.1698
12.47, 1.50, 0.02, 19.48, 55.00, 0.1726
13.35, 0.39, 0.02, 19.53, 8.00, 0.1726
12.47, 1.50, 0.02, 20.15, 55.00, 0.1753
13.45, 3.36, 0.02, 20.78, 41.00, 0.1753
12.47, 1.50, 0.02, 19.81, 54.00, 0.1781
13.47, 3.51, 0.02, 19.34, 48.00, 0.1781
12.47, 1.52, 0.02, 19.78, 54.00, 0.1809
13.47, 3.51, 0.02, 19.74, 48.00, 0.1809
12.47, 1.44, 0.02, 20.11, 55.00, 0.1837
13.47, 3.50, 0.02, 19.98, 48.00, 0.1837
12.29, -2.30, -0.03, 15.40, 7.00, 0.1864
13.47, 3.51, -0.03, 19.47, 48.00, 0.1864
12.32, -1.63, -0.02, 14.39, 11.00, 0.1892
13.47, 3.49, -0.02, 19.13, 48.00, 0.1892
12.44, 0.45, 0.01, 14.00, 35.00, 0.1920
13.45, 3.51, 0.01, 19.71, 48.00, 0.1920
12.46, 0.82, 0.01, 15.37, 45.00, 0.1948
13.47, 3.39, 0.01, 19.92, 47.00, 0.1948
12.47, 1.12, 0.01, 16.81, 49.00, 0.1975
13.47, 3.43, 0.01, 19.47, 47.00, 0.1975
12.49, 1.31, 0.02, 17.94, 52.00, 0.2003
13.47, 3.42, 0.02, 18.61, 47.00, 0.2003
12.49, 1.43, 0.02, 19.20, 54.00, 0.2031
13.47, 3.44, 0.02, 19.01, 47.00, 0.2031
12.49, 1.40, 0.02, 18.95, 54.00, 0.2059
13.47, 3.43, 0.02, 18.98, 47.00, 0.2059
12.49, 1.35, 0.02, 19.35, 54.00, 0.2087
13.47, 3.29, 0.02, 19.86, 46.00, 0.2087
12.49, 1.32, 0.02, 19.32, 54.00, 0.2114
13.47, 3.28, 0.02, 20.32, 45.00, 0.2114
12.49, 1.38, 0.02, 19.04, 54.00, 0.2142
13.47, 3.44, 0.02, 19.44, 47.00, 0.2142
12.49, 1.37, 0.02, 18.98, 54.00, 0.2170
13.47, 3.45, 0.02, 19.01, 47.00, 0.2170
12.49, 1.38, 0.02, 19.26, 54.00, 0.2198
13.47, 3.45, 0.02, 18.98, 47.00, 0.2198
12.51, 1.40, 0.02, 19.26, 54.00, 0.2226
13.47, 3.45, 0.02, 19.40, 47.00, 0.2226
12.51, 1.38, 0.02, 19.87, 54.00, 0.2253
13.47, 3.46, 0.02, 19.39, 47.00, 0.2253
12.49, 1.40, 0.02, 19.53, 54.00, 0.2281
13.47, 3.43, 0.02, 18.60, 47.00, 0.2281
12.51, 1.40, 0.02, 19.56, 54.00, 0.2309
13.47, 3.45, 0.02, 18.96, 47.00, 0.2309
12.51, 1.38, 0.02, 19.23, 54.00, 0.2337
13.47, 3.45, 0.02, 18.92, 47.00, 0.2337
12.51, 1.36, 0.02, 19.87, 53.00, 0.2364
13.47, 3.46, 0.02, 19.34, 47.00, 0.2364
12.49, 1.24, 0.01, 20.21, 53.00, 0.2392
13.47, 3.46, 0.01, 19.31, 47.00, 0.2392
12.49, 1.26, 0.01, 20.22, 53.00, 0.2420
13.47, 3.46, 0.01, 18.85, 47.00, 0.2420
12.53, 1.61, 0.02, 19.81, 56.00, 0.2448
13.47, 3.45, 0.02, 18.88, 47.00, 0.2448
12.51, 1.62, 0.02, 19.81, 56.00, 0.2475
13.47, 3.46, 0.02, 19.70, 48.00, 0.2475
12.53, 1.59, 0.02, 18.98, 56.00, 0.2503
13.47, 3.42, 0.02, 20.14, 48.00, 0.2503
12.51, 1.61, 0.02, 19.35, 56.00, 0.2531
13.47, 3.50, 0.02, 19.28, 48.00, 0.2531
12.51, 1.59, 0.02, 20.20, 57.00, 0.2559
13.47, 3.49, 0.02, 18.79, 48.00, 0.2559
12.53, 1.63, 0.02, 19.78, 57.00, 0.2587
13.47, 3.40, 0.02, 20.17, 48.00, 0.2587
12.52, 1.59, 0.02, 18.93, 57.00, 0.2614
13.47, 3.48, 0.02, 19.98, 48.00, 0.2614
12.53, 1.62, 0.02, 19.35, 57.00, 0.2642
13.47, 3.51, 0.02, 19.53, 48.00, 0.2642
12.53, 1.56, 0.02, 20.17, 57.00, 0.2670
13.47, 3.47, 0.02, 18.64, 48.00, 0.2670
12.53, 1.54, 0.02, 19.32, 57.00, 0.2698
13.47, 3.51, 0.02, 19.53, 48.00, 0.2698
12.53, 1.57, 0.02, 18.89, 57.00, 0.2725
13.47, 3.49, 0.02, 19.10, 48.00, 0.2725
12.53, 1.58, 0.02, 19.69, 57.00, 0.2753
13.48, 3.49, 0.02, 19.10, 48.00, 0.2753
12.53, 1.56, 0.02, 20.14, 56.00, 0.2781
13.47, 3.51, 0.02, 19.47, 48.00, 0.2781
12.53, 1.58, 0.02, 19.27, 56.00, 0.2809
13.49, 3.49, 0.02, 19.46, 48.00, 0.2809
12.53, 1.56, 0.02, 18.84, 56.00, 0.2837
13.49, 3.49, 0.02, 19.86, 48.00, 0.2837
12.53, 1.57, 0.02, 19.65, 56.00, 0.2864
13.49, 3.49, 0.02, 19.10, 48.00, 0.2864
12.53, 1.57, 0.02, 18.88, 56.00, 0.2892
13.48, 3.49, 0.02, 19.06, 48.00, 0.2892
12.53, 1.58, 0.02, 19.24, 56.00, 0.2920
13.49, 3.49, 0.02, 19.43, 48.00, 0.2920
12.53, 1.55, 0.02, 20.02, 56.00, 0.2948
13.49, 3.48, 0.02, 18.70, 48.00, 0.2948
12.51, 1.51, 0.02, 19.63, 56.00, 0.2976
13.48, 3.49, 0.02, 19.07, 48.00, 0.2976
12.55, 1.33, 0.02, 19.29, 53.00, 0.3003
13.47, 3.49, 0.02, 19.04, 48.00, 0.3003
12.55, 1.31, 0.02, 19.72, 53.00, 0.3031
13.48, 3.51, 0.02, 19.43, 48.00, 0.3031
12.55, 1.33, 0.02, 18.89, 53.00, 0.3059
13.48, 3.48, 0.02, 18.73, 48.00, 0.3059
12.55, 1.30, 0.02, 18.46, 53.00, 0.3087
13.47, 3.51, 0.02, 19.46, 48.00, 0.3087
12.55, 1.34, 0.02, 19.26, 53.00, 0.3114
13.47, 3.51, 0.02, 19.10, 48.00, 0.3114
12.55, 1.31, 0.02, 19.66, 53.00, 0.3142
13.47, 3.51, 0.02, 19.07, 48.00, 0.3142
12.55, 1.34, 0.02, 18.83, 53.00, 0.3170
13.49, 3.48, 0.02, 18.70, 48.00, 0.3170
12.55, 1.33, 0.02, 18.80, 53.00, 0.3198
13.47, 3.51, 0.02, 19.40, 48.00, 0.3198
12.55, 1.34, 0.02, 19.20, 53.00, 0.3225
13.48, 3.45, 0.02, 18.61, 48.00, 0.3225
12.55, 1.26, 0.01, 19.21, 53.00, 0.3253
13.49, 3.51, 0.01, 18.98, 48.00, 0.3253
12.55, 1.31, 0.02, 18.80, 53.00, 0.3281
13.49, 3.52, 0.02, 18.95, 48.00, 0.3281
12.55, 1.28, 0.02, 18.82, 53.00, 0.3309
13.47, 3.46, 0.02, 19.31, 47.00, 0.3309
12.55, 1.32, 0.02, 19.17, 53.00, 0.3337
13.47, 3.44, 0.02, 18.50, 47.00, 0.3337
12.55, 1.31, 0.02, 19.17, 53.00, 0.3364
13.47, 3.46, 0.02, 19.53, 47.00, 0.3364
12.55, 1.30, 0.02, 19.14, 53.00, 0.3392
13.47, 3.45, 0.02, 18.64, 47.00, 0.3392
12.55, 1.31, 0.02, 18.77, 53.00, 0.3420
13.47, 3.46, 0.02, 19.28, 47.00, 0.3420
12.55, 1.31, 0.02, 19.49, 53.00, 0.3448
13.47, 3.46, 0.02, 19.25, 47.00, 0.3448
12.55, 1.33, 0.02, 19.13, 53.00, 0.3475
13.47, 3.45, 0.02, 18.58, 47.00, 0.3475
12.55, 1.25, 0.01, 18.36, 53.00, 0.3503
13.49, 3.46, 0.01, 19.52, 47.00, 0.3503
12.55, 1.26, 0.01, 18.70, 53.00, 0.3531
13.47, 3.46, 0.01, 18.99, 47.00, 0.3531
12.55, 1.25, 0.01, 18.66, 52.00, 0.3559
13.47, 3.45, 0.01, 18.76, 47.00, 0.3559
12.57, 1.24, 0.01, 18.91, 53.00, 0.3587
13.48, 3.46, 0.01, 19.24, 47.00, 0.3587
12.55, 1.16, 0.01, 19.81, 53.00, 0.3614
13.47, 3.45, 0.01, 19.46, 47.00, 0.3614
12.57, 1.25, 0.01, 18.91, 53.00, 0.3642
13.49, 3.46, 0.01, 18.92, 47.00, 0.3642
12.57, 1.21, 0.01, 18.43, 53.00, 0.3670
13.49, 3.45, 0.01, 18.40, 47.00, 0.3670
12.57, 1.21, 0.01, 19.29, 53.00, 0.3698
13.47, 3.46, 0.01, 19.16, 48.00, 0.3698
12.57, 1.21, 0.01, 19.77, 53.00, 0.3726
13.49, 3.43, 0.01, 19.71, 47.00, 0.3726
12.57, 1.26, 0.01, 18.86, 53.00, 0.3753
13.47, 3.45, 0.01, 19.40, 47.00, 0.3753
12.57, 1.22, 0.01, 18.40, 53.00, 0.3781
13.47, 3.46, 0.01, 19.37, 47.00, 0.3781
12.57, 1.25, 0.01, 19.29, 53.00, 0.3809
13.48, 3.46, 0.01, 19.06, 47.00, 0.3809
12.57, 1.25, 0.01, 19.29, 53.00, 0.3837
13.48, 3.45, 0.01, 19.04, 47.00, 0.3837
12.58, 1.24, 0.01, 18.83, 53.00, 0.3864
13.47, 3.45, 0.01, 19.01, 47.00, 0.3864
12.58, 1.21, 0.01, 19.69, 53.00, 0.3892
13.47, 3.46, 0.01, 19.74, 48.00, 0.3892
12.58, 1.24, 0.01, 19.26, 53.00, 0.3920
13.47, 3.49, 0.01, 19.71, 48.00, 0.3920
12.58, 1.13, 0.01, 18.40, 53.00, 0.3948
13.47, 3.49, 0.01, 19.28, 48.00, 0.3948
12.58, 1.24, 0.01, 18.80, 53.00, 0.3975
13.47, 3.49, 0.01, 19.31, 48.00, 0.3975
12.58, 1.23, 0.01, 19.65, 53.00, 0.4003
13.48, 3.49, 0.01, 18.88, 48.00, 0.4003
12.58, 1.25, 0.01, 19.62, 53.00, 0.4031
13.47, 3.49, 0.01, 18.86, 48.00, 0.4031
12.58, 1.28, 0.02, 19.23, 53.00, 0.4059
13.49, 3.48, 0.02, 19.25, 48.00, 0.4059
12.58, 1.27, 0.01, 19.20, 53.00, 0.4087
13.49, 3.49, 0.01, 19.25, 48.00, 0.4087
12.58, 1.25, 0.01, 19.59, 53.00, 0.4114
13.49, 3.46, 0.01, 18.45, 48.00, 0.4114
12.58, 1.23, 0.01, 19.56, 53.00, 0.4142
13.48, 3.49, 0.01, 18.82, 48.00, 0.4142
12.60, 1.33, 0.02, 18.93, 54.00, 0.4170
13.49, 3.46, 0.02, 19.64, 48.00, 0.4170
12.60, 1.31, 0.02, 18.90, 53.00, 0.4198
13.47, 3.49, 0.02, 19.22, 48.00, 0.4198
12.60, 1.31, 0.02, 18.55, 53.00, 0.4226
13.49, 3.49, 0.02, 19.19, 48.00, 0.4226
12.60, 1.32, 0.02, 19.25, 53.00, 0.4253
13.49, 3.49, 0.02, 18.76, 48.00, 0.4253
12.60, 1.35, 0.02, 18.89, 53.00, 0.4281
13.48, 3.48, 0.02, 19.62, 48.00, 0.4281
12.60, 1.35, 0.02, 18.86, 53.00, 0.4309
13.49, 3.49, 0.02, 18.76, 48.00, 0.4309
12.60, 1.30, 0.02, 19.60, 53.00, 0.4337
13.49, 3.51, 0.02, 19.16, 48.00, 0.4337
12.60, 1.33, 0.02, 19.23, 53.00, 0.4364
13.49, 3.51, 0.02, 19.19, 48.00, 0.4364
12.60, 1.31, 0.02, 18.46, 53.00, 0.4392
13.48, 3.51, 0.02, 18.76, 48.00, 0.4392
12.60, 1.24, 0.01, 18.80, 53.00, 0.4420
13.49, 3.49, 0.01, 19.54, 48.00, 0.4420
12.58, 1.07, 0.01, 18.80, 51.00, 0.4448
13.48, 3.51, 0.01, 19.13, 48.00, 0.4448
12.58, 0.98, 0.01, 19.14, 50.00, 0.4476
13.47, 3.51, 0.01, 19.13, 48.00, 0.4476
12.56, 0.24, 0.00, 19.07, 42.00, 0.4503
13.48, 3.49, 0.00, 19.12, 48.00, 0.4503
12.56, 0.71, 0.01, 19.72, 42.00, 0.4531
13.46, 2.72, 0.01, 18.79, 40.00, 0.4531
12.56, 0.71, 0.01, 18.78, 46.00, 0.4559
13.43, 2.46, 0.01, 19.13, 34.00, 0.4559
12.58, 0.91, 0.01, 19.96, 47.00, 0.4587
13.43, 2.32, 0.01, 18.37, 33.00, 0.4587
12.58, 1.21, 0.01, 17.94, 51.00, 0.4614
13.40, 1.50, 0.01, 18.61, 24.00, 0.4614
12.60, 1.24, 0.01, 18.51, 52.00, 0.4642
13.38, 1.34, 0.01, 19.61, 18.00, 0.4642
12.60, 1.26, 0.01, 19.05, 52.00, 0.4670
13.40, 1.52, 0.01, 18.79, 20.00, 0.4670
12.58, 1.22, 0.01, 19.38, 52.00, 0.4698
13.40, 1.87, 0.01, 16.20, 24.00, 0.4698
12.60, 1.41, 0.02, 19.51, 55.00, 0.4725
13.41, 2.08, 0.02, 16.20, 28.00, 0.4725
12.60, 1.43, 0.02, 19.53, 55.00, 0.4753
13.41, 2.24, 0.02, 18.61, 30.00, 0.4753
12.60, 1.34, 0.02, 19.90, 55.00, 0.4781
13.41, 2.08, 0.02, 18.59, 29.00, 0.4781
12.60, 1.32, 0.02, 19.91, 55.00, 0.4809
13.41, 1.99, 0.02, 18.95, 28.00, 0.4809
12.62, 1.45, 0.02, 19.50, 55.00, 0.4837
13.40, 1.80, 0.02, 18.89, 25.00, 0.4837
12.62, 1.49, 0.02, 18.75, 55.00, 0.4864
13.41, 2.10, 0.02, 18.22, 27.00, 0.4864
12.61, 0.84, 0.01, 18.68, 55.00, 0.4892
13.43, 2.76, 0.01, 16.02, 35.00, 0.4892
12.60, 0.89, 0.01, 19.04, 55.00, 0.4920
13.45, 3.04, 0.01, 15.65, 40.00, 0.4920
12.62, 1.42, 0.02, 18.29, 56.00, 0.4948
13.45, 3.18, 0.02, 18.00, 43.00, 0.4948
12.62, 1.43, 0.02, 18.65, 56.00, 0.4976
13.47, 3.29, 0.02, 17.97, 45.00, 0.4976
12.62, 1.43, 0.02, 18.61, 56.00, 0.5003
13.47, 3.49, 0.02, 19.19, 47.00, 0.5003
12.62, 1.46, 0.02, 19.04, 56.00, 0.5031
13.47, 3.27, 0.02, 19.16, 46.00, 0.5031
12.62, 1.46, 0.02, 19.01, 56.00, 0.5059
13.45, 2.86, 0.02, 19.18, 41.00, 0.5059
12.62, 1.39, 0.02, 19.86, 56.00, 0.5087
13.41, 2.00, 0.02, 19.37, 32.00, 0.5087
12.62, 1.44, 0.02, 19.44, 56.00, 0.5114
13.47, 3.53, 0.02, 17.95, 48.00, 0.5114
12.62, 1.45, 0.02, 18.60, 56.00, 0.5142
13.48, 3.76, 0.02, 19.16, 51.00, 0.5142
12.62, 1.49, 0.02, 19.01, 56.00, 0.5170
13.49, 3.77, 0.02, 19.11, 52.00, 0.5170
12.62, 1.49, 0.02, 18.98, 56.00, 0.5198
13.49, 3.79, 0.02, 19.31, 52.00, 0.5198
12.62, 1.48, 0.02, 18.58, 56.00, 0.5225
13.48, 3.74, 0.02, 18.79, 52.00, 0.5225
12.62, 1.50, 0.02, 18.57, 56.00, 0.5253
13.47, 3.69, 0.02, 19.04, 51.00, 0.5253
12.62, 1.51, 0.02, 19.35, 57.00, 0.5281
13.47, 3.55, 0.02, 19.59, 49.00, 0.5281
12.46, -0.83, -0.01, 15.19, 27.00, 0.5309
13.45, 2.89, -0.01, 19.47, 43.00, 0.5309
12.48, -0.35, -0.00, 14.76, 30.00, 0.5337
13.43, 2.63, -0.00, 18.88, 37.00, 0.5337
12.52, 0.34, 0.00, 17.97, 39.00, 0.5364
13.43, 2.53, 0.00, 18.44, 35.00, 0.5364
12.52, 0.11, 0.00, 19.04, 40.00, 0.5392
13.41, 2.14, 0.00, 18.25, 30.00, 0.5392
12.50, -0.43, -0.01, 19.48, 33.00, 0.5420
13.41, 2.15, -0.01, 18.98, 29.00, 0.5420
12.48, -0.52, -0.01, 17.62, 31.00, 0.5448
13.41, 2.20, -0.01, 20.14, 30.00, 0.5448
12.50, -0.21, -0.00, 18.98, 33.00, 0.5475
13.43, 2.65, -0.00, 19.68, 34.00, 0.5475
12.52, 0.48, 0.01, 18.19, 41.00, 0.5503
13.45, 2.87, 0.01, 17.69, 39.00, 0.5503
12.54, 0.59, 0.01, 15.09, 45.00, 0.5531
13.45, 3.17, 0.01, 15.93, 43.00, 0.5531
12.55, 1.14, 0.01, 17.79, 51.00, 0.5559
13.47, 3.41, 0.01, 16.93, 46.00, 0.5559
12.57, 1.26, 0.01, 18.64, 53.00, 0.5587
13.47, 3.51, 0.01, 18.73, 48.00, 0.5587
12.57, 1.35, 0.02, 19.10, 54.00, 0.5614
13.45, 3.28, 0.02, 20.29, 45.00, 0.5614
12.57, 1.35, 0.02, 19.10, 54.00, 0.5642
13.45, 3.26, 0.02, 19.40, 45.00, 0.5642
12.58, 1.33, 0.02, 18.64, 54.00, 0.5670
13.49, 3.70, 0.02, 18.52, 51.00, 0.5670
12.57, 1.30, 0.02, 18.64, 54.00, 0.5698
13.49, 3.72, 0.02, 19.37, 51.00, 0.5698
12.57, 1.26, 0.01, 19.47, 54.00, 0.5726
13.49, 3.67, 0.01, 18.92, 51.00, 0.5726
12.57, 1.03, 0.01, 19.07, 52.00, 0.5753
13.47, 3.33, 0.01, 18.92, 47.00, 0.5753
12.54, 0.60, 0.01, 19.07, 47.00, 0.5781
13.48, 3.45, 0.01, 19.34, 46.00, 0.5781
12.50, -0.45, -0.01, 19.20, 36.00, 0.5809
13.49, 3.65, -0.01, 19.31, 50.00, 0.5809
12.48, -0.90, -0.01, 18.74, 27.00, 0.5837
13.49, 3.70, -0.01, 18.46, 50.00, 0.5837
12.50, -0.45, -0.01, 17.42, 30.00, 0.5864
13.49, 3.73, -0.01, 18.88, 51.00, 0.5864
12.42, -2.21, -0.03, 17.39, 8.00, 0.5892
13.49, 3.72, -0.03, 19.77, 52.00, 0.5892
12.42, -2.21, -0.03, 17.42, 8.00, 0.5920
13.49, 3.77, -0.03, 19.31, 52.00, 0.5920
12.42, -2.16, -0.03, 17.61, 8.00, 0.5948
13.51, 3.76, -0.03, 18.43, 52.00, 0.5948
12.44, -1.37, -0.02, 17.82, 15.00, 0.5975
13.50, 3.79, -0.02, 19.25, 52.00, 0.5975
12.50, -0.37, -0.00, 14.42, 29.00, 0.6003
13.49, 3.76, -0.00, 19.74, 52.00, 0.6003
12.48, -0.97, -0.01, 15.16, 26.00, 0.6031
13.49, 3.80, -0.01, 18.85, 52.00, 0.6031
12.48, -0.65, -0.01, 17.42, 25.00, 0.6059
13.47, 3.36, -0.01, 19.20, 49.00, 0.6059
12.52, 0.18, 0.00, 19.65, 35.00, 0.6087
13.41, 1.98, 0.00, 19.00, 33.00, 0.6087
12.54, 0.59, 0.01, 17.91, 43.00, 0.6114
13.38, 1.24, 0.01, 18.50, 19.00, 0.6114
12.56, 0.96, 0.01, 18.92, 47.00, 0.6142
13.38, 1.40, 0.01, 20.69, 19.00, 0.6142
12.58, 1.28, 0.02, 20.02, 52.00, 0.6170
13.42, 1.83, 0.02, 19.83, 25.00, 0.6170
12.56, 0.91, 0.01, 19.44, 49.00, 0.6198
13.38, 1.16, 0.01, 19.58, 18.00, 0.6198
12.56, 0.83, 0.01, 17.57, 47.00, 0.6225
13.38, 1.12, 0.01, 18.64, 16.00, 0.6225
12.57, 1.21, 0.01, 17.15, 49.00, 0.6253
13.36, 0.96, 0.01, 17.85, 13.00, 0.6253
12.60, 1.48, 0.02, 18.98, 55.00, 0.6281
13.37, 0.91, 0.02, 17.79, 12.00, 0.6281
12.58, 1.48, 0.02, 19.01, 55.00, 0.6309
13.38, 1.58, 0.02, 20.07, 19.00, 0.6309
12.60, 1.45, 0.02, 18.59, 55.00, 0.6337
13.38, 1.42, 0.02, 20.22, 21.00, 0.6337
12.60, 1.45, 0.02, 18.56, 55.00, 0.6364
13.49, 3.55, 0.02, 19.07, 49.00, 0.6364
12.60, 1.46, 0.02, 18.95, 55.00, 0.6392
13.48, 3.52, 0.02, 19.74, 49.00, 0.6392
12.58, 1.37, 0.02, 19.81, 55.00, 0.6420
13.49, 3.55, 0.02, 19.07, 49.00, 0.6420
12.60, 1.46, 0.02, 19.38, 55.00, 0.6448
13.47, 3.53, 0.02, 18.70, 49.00, 0.6448
12.64, 1.29, 0.02, 19.82, 54.00, 0.6476
13.49, 3.55, 0.02, 19.34, 49.00, 0.6476
12.64, 1.33, 0.02, 19.41, 54.00, 0.6503
13.47, 3.52, 0.02, 19.74, 49.00, 0.6503
12.64, 1.36, 0.02, 19.41, 54.00, 0.6531
13.49, 3.55, 0.02, 19.01, 49.00, 0.6531
12.64, 1.32, 0.02, 19.43, 54.00, 0.6559
13.47, 3.53, 0.02, 18.64, 49.00, 0.6559
12.64, 1.32, 0.02, 19.84, 54.00, 0.6587
13.49, 3.55, 0.02, 19.34, 49.00, 0.6587
12.64, 1.37, 0.02, 18.98, 54.00, 0.6614
13.49, 3.55, 0.02, 19.34, 49.00, 0.6614
12.64, 1.34, 0.02, 18.55, 54.00, 0.6642
13.47, 3.55, 0.02, 18.98, 49.00, 0.6642
12.64, 1.36, 0.02, 19.35, 54.00, 0.6670
13.49, 3.55, 0.02, 18.95, 49.00, 0.6670
12.64, 1.32, 0.02, 19.78, 54.00, 0.6698
13.49, 3.55, 0.02, 19.31, 49.00, 0.6698
12.64, 1.24, 0.01, 18.92, 54.00, 0.6725
13.49, 3.55, 0.01, 19.34, 49.00, 0.6725
12.64, 1.34, 0.02, 18.89, 54.00, 0.6753
13.49, 3.55, 0.02, 18.95, 49.00, 0.6753
12.64, 1.34, 0.02, 19.32, 54.00, 0.6781
13.48, 3.51, 0.02, 18.19, 49.00, 0.6781
12.64, 1.34, 0.02, 19.33, 54.00, 0.6809
13.49, 3.55, 0.02, 18.89, 49.00, 0.6809
12.64, 1.34, 0.02, 18.89, 54.00, 0.6837
13.49, 3.55, 0.02, 19.25, 49.00, 0.6837
12.64, 1.36, 0.02, 18.86, 54.00, 0.6864
13.49, 3.55, 0.02, 19.27, 49.00, 0.6864
12.64, 1.36, 0.02, 19.26, 54.00, 0.6892
13.49, 3.55, 0.02, 18.89, 49.00, 0.6892
