BatV1, BatI1, BatEn1, PanelV1, PanelP1, BatV2,BatI2, BatEn2, PanelV2, PanelP2, Hours
13.72, -0.06, 0.00, 21.61, 34.00, 0.0002
13.49, 3.56, 0.00, 19.50, 49.00, 0.0002
13.70, -0.08, -0.00, 21.61, 34.00, 0.0029
13.49, 3.56, -0.00, 19.43, 49.00, 0.0029
13.72, -0.02, 0.00, 21.63, 34.00, 0.0056
13.49, 3.58, 0.00, 19.04, 49.00, 0.0056
13.72, -0.06, 0.00, 21.64, 34.00, 0.0084
13.49, 3.58, 0.00, 19.05, 49.00, 0.0084
13.70, -0.10, -0.00, 21.61, 34.00, 0.0112
13.49, 3.56, -0.00, 18.64, 49.00, 0.0112
13.70, -0.05, 0.00, 21.64, 34.00, 0.0140
13.49, 3.57, 0.00, 19.37, 49.00, 0.0140
13.72, -0.04, 0.00, 21.64, 34.00, 0.0167
13.49, 3.55, 0.00, 19.74, 49.00, 0.0167
13.70, -0.08, -0.00, 21.65, 33.00, 0.0195
13.49, 3.58, -0.00, 18.98, 49.00, 0.0195
13.72, -0.09, -0.00, 21.67, 33.00, 0.0223
13.49, 3.55, -0.00, 18.27, 49.00, 0.0223
13.70, -0.08, -0.00, 21.67, 33.00, 0.0251
13.48, 3.56, -0.00, 18.61, 49.00, 0.0251
13.70, -0.18, -0.00, 21.64, 34.00, 0.0279
13.49, 3.59, -0.00, 19.29, 49.00, 0.0279
13.72, -0.07, 0.00, 21.65, 34.00, 0.0306
13.49, 3.59, 0.00, 18.95, 49.00, 0.0306
13.72, -0.07, 0.00, 21.67, 33.00, 0.0334
13.48, 3.56, 0.00, 19.68, 49.00, 0.0334
13.70, -0.07, 0.00, 21.67, 33.00, 0.0362
13.49, 3.59, 0.00, 19.28, 49.00, 0.0362
13.72, -0.06, 0.00, 21.68, 33.00, 0.0390
13.49, 3.56, 0.00, 18.55, 49.00, 0.0390
13.70, -0.08, -0.00, 21.67, 33.00, 0.0418
13.49, 3.58, -0.00, 19.22, 49.00, 0.0418
13.72, -0.11, -0.00, 21.67, 33.00, 0.0445
13.49, 3.56, -0.00, 19.62, 49.00, 0.0445
13.70, -0.07, 0.00, 21.67, 33.00, 0.0473
13.49, 3.59, 0.00, 18.88, 49.00, 0.0473
13.72, -0.07, 0.00, 21.68, 33.00, 0.0501
13.49, 3.60, 0.00, 19.25, 49.00, 0.0501
13.70, -0.09, -0.00, 21.67, 33.00, 0.0529
13.49, 3.58, -0.00, 18.46, 49.00, 0.0529
13.70, -0.12, -0.00, 21.67, 33.00, 0.0556
13.49, 3.58, -0.00, 18.46, 49.00, 0.0556
13.70, -0.10, -0.00, 21.64, 33.00, 0.0584
13.49, 3.58, -0.00, 18.83, 49.00, 0.0584
13.70, -0.08, -0.00, 21.61, 34.00, 0.0612
13.49, 3.53, -0.00, 19.62, 49.00, 0.0612
13.72, -0.05, 0.00, 21.58, 34.00, 0.0640
13.49, 3.55, 0.00, 19.19, 49.00, 0.0640
13.72, -0.06, 0.00, 21.61, 34.00, 0.0667
13.49, 3.55, 0.00, 19.17, 49.00, 0.0667
13.70, -0.05, 0.00, 21.58, 34.00, 0.0695
13.49, 3.53, 0.00, 19.62, 49.00, 0.0695
13.72, -0.06, 0.00, 21.61, 34.00, 0.0723
13.49, 3.55, 0.00, 18.73, 49.00, 0.0723
13.72, 0.14, 0.00, 20.48, 45.00, 0.0751
13.49, 3.24, 0.00, 18.76, 45.00, 0.0751
13.72, 0.19, 0.00, 20.57, 46.00, 0.0779
13.49, 3.38, 0.00, 19.22, 45.00, 0.0779
13.72, 0.10, 0.00, 20.60, 45.00, 0.0806
13.49, 3.46, 0.00, 19.19, 47.00, 0.0806
13.70, 0.04, 0.00, 20.60, 44.00, 0.0834
13.49, 3.36, 0.00, 18.70, 46.00, 0.0834
13.70, -0.12, -0.00, 20.60, 43.00, 0.0862
13.49, 3.28, -0.00, 18.70, 45.00, 0.0862
13.70, -0.24, -0.00, 20.48, 41.00, 0.0890
13.49, 3.11, -0.00, 18.70, 44.00, 0.0890
13.70, -0.26, -0.00, 20.39, 40.00, 0.0917
13.47, 2.96, -0.00, 19.13, 41.00, 0.0917
13.70, -0.18, -0.00, 20.33, 41.00, 0.0945
13.47, 2.91, -0.00, 19.11, 40.00, 0.0945
13.70, -0.04, 0.00, 20.27, 42.00, 0.0973
13.47, 2.96, 0.00, 18.67, 40.00, 0.0973
13.70, 0.03, 0.00, 20.24, 44.00, 0.1001
13.47, 3.06, 0.00, 19.56, 41.00, 0.1001
13.72, 0.05, 0.00, 20.24, 44.00, 0.1029
13.49, 3.18, 0.00, 19.50, 43.00, 0.1029
13.70, -0.07, 0.00, 20.20, 43.00, 0.1056
13.49, 3.17, 0.00, 19.07, 44.00, 0.1056
13.70, -0.23, -0.00, 20.11, 41.00, 0.1084
13.47, 3.02, -0.00, 19.08, 42.00, 0.1084
13.70, -0.26, -0.00, 20.00, 41.00, 0.1112
13.47, 2.89, -0.00, 19.46, 40.00, 0.1112
13.70, -0.13, -0.00, 19.90, 41.00, 0.1140
13.47, 2.90, -0.00, 19.46, 40.00, 0.1140
13.74, 0.52, 0.01, 19.96, 43.00, 0.1168
13.47, 2.97, 0.01, 19.86, 41.00, 0.1168
13.74, 0.42, 0.01, 20.11, 42.00, 0.1195
13.48, 3.10, 0.01, 19.04, 42.00, 0.1195
13.72, 0.42, 0.01, 20.24, 41.00, 0.1223
13.47, 2.98, 0.01, 19.01, 41.00, 0.1223
13.74, 0.49, 0.01, 20.42, 42.00, 0.1251
13.47, 2.97, 0.01, 17.82, 41.00, 0.1251
13.75, 0.52, 0.01, 20.60, 42.00, 0.1279
13.49, 3.18, 0.01, 18.63, 43.00, 0.1279
13.74, 0.38, 0.01, 20.82, 41.00, 0.1306
13.49, 3.24, 0.01, 19.01, 44.00, 0.1306
13.62, -0.29, -0.00, 18.41, 33.00, 0.1334
13.49, 3.14, -0.00, 19.01, 44.00, 0.1334
13.60, -0.43, -0.01, 18.40, 30.00, 0.1362
13.47, 3.04, -0.01, 19.37, 42.00, 0.1362
13.60, -0.47, -0.01, 18.39, 29.00, 0.1390
13.40, 1.99, -0.01, 18.73, 27.00, 0.1390
13.60, -0.47, -0.01, 19.44, 29.00, 0.1417
13.39, 1.97, -0.01, 19.80, 27.00, 0.1417
13.60, -0.44, -0.01, 19.41, 29.00, 0.1445
13.40, 1.96, -0.01, 19.82, 27.00, 0.1445
13.60, -0.44, -0.01, 19.41, 29.00, 0.1473
13.41, 2.00, -0.01, 19.22, 27.00, 0.1473
13.60, -0.48, -0.01, 19.04, 29.00, 0.1501
13.39, 2.03, -0.01, 19.19, 27.00, 0.1501
13.60, -0.51, -0.01, 19.83, 29.00, 0.1529
13.39, 2.04, -0.01, 19.74, 28.00, 0.1529
13.60, -0.49, -0.01, 19.41, 29.00, 0.1556
13.39, 2.07, -0.01, 19.77, 28.00, 0.1556
13.60, -0.51, -0.01, 19.41, 29.00, 0.1584
13.41, 2.14, -0.01, 19.19, 29.00, 0.1584
13.60, -0.49, -0.01, 18.98, 29.00, 0.1612
13.41, 2.10, -0.01, 18.16, 29.00, 0.1612
13.60, -0.47, -0.01, 18.95, 29.00, 0.1640
13.41, 2.10, -0.01, 19.13, 29.00, 0.1640
13.60, -0.47, -0.01, 19.77, 29.00, 0.1667
13.40, 2.07, -0.01, 18.64, 28.00, 0.1667
13.60, -0.46, -0.01, 19.35, 29.00, 0.1695
13.40, 2.04, -0.01, 18.61, 28.00, 0.1695
13.60, -0.44, -0.01, 18.46, 29.00, 0.1723
13.40, 2.04, -0.01, 19.13, 28.00, 0.1723
13.60, -0.43, -0.01, 18.06, 29.00, 0.1751
13.39, 2.04, -0.01, 19.13, 28.00, 0.1751
13.60, -0.39, -0.01, 18.03, 30.00, 0.1779
13.39, 2.05, -0.01, 18.55, 28.00, 0.1779
13.60, -0.35, -0.00, 19.32, 30.00, 0.1806
13.41, 2.10, -0.00, 18.55, 28.00, 0.1806
13.60, -0.43, -0.01, 18.40, 30.00, 0.1834
13.41, 2.16, -0.01, 19.65, 29.00, 0.1834
13.60, -0.41, -0.01, 19.29, 30.00, 0.1862
13.41, 2.20, -0.01, 19.08, 30.00, 0.1862
13.53, -0.63, -0.01, 19.20, 26.00, 0.1890
13.41, 2.21, -0.01, 19.07, 30.00, 0.1890
13.53, -0.56, -0.01, 19.78, 27.00, 0.1918
13.41, 2.24, -0.01, 18.49, 30.00, 0.1918
13.54, -0.48, -0.01, 19.78, 28.00, 0.1945
13.42, 2.32, -0.01, 18.49, 31.00, 0.1945
13.55, -0.48, -0.01, 19.79, 29.00, 0.1973
13.41, 2.42, -0.01, 20.69, 34.00, 0.1973
13.56, -0.38, -0.01, 19.17, 30.00, 0.2001
13.41, 2.50, -0.01, 19.33, 34.00, 0.2001
13.55, -0.38, -0.01, 19.14, 30.00, 0.2029
13.42, 2.46, -0.01, 19.98, 34.00, 0.2029
13.55, -0.44, -0.01, 19.74, 30.00, 0.2056
13.41, 2.46, -0.01, 19.92, 34.00, 0.2056
13.55, -0.46, -0.01, 19.74, 29.00, 0.2084
13.41, 2.38, -0.01, 18.21, 33.00, 0.2084
13.55, -0.45, -0.01, 19.14, 29.00, 0.2112
13.41, 2.29, -0.01, 20.56, 32.00, 0.2112
13.55, -0.49, -0.01, 19.10, 29.00, 0.2140
13.41, 2.30, -0.01, 19.26, 32.00, 0.2140
13.56, -0.43, -0.01, 19.12, 29.00, 0.2167
13.40, 2.18, -0.01, 18.70, 30.00, 0.2167
13.55, -0.39, -0.01, 18.49, 30.00, 0.2195
13.39, 2.08, -0.01, 18.72, 29.00, 0.2195
13.55, -0.37, -0.01, 19.67, 30.00, 0.2223
13.39, 2.00, -0.01, 19.25, 28.00, 0.2223
13.55, -0.36, -0.00, 20.36, 30.00, 0.2251
13.39, 1.94, -0.00, 18.09, 27.00, 0.2251
13.56, -0.28, -0.00, 19.07, 31.00, 0.2279
13.39, 1.92, -0.00, 19.89, 27.00, 0.2279
13.56, -0.25, -0.00, 18.46, 31.00, 0.2306
13.40, 1.87, -0.00, 18.64, 26.00, 0.2306
13.56, -0.14, -0.00, 19.69, 33.00, 0.2334
13.40, 1.83, -0.00, 18.66, 25.00, 0.2334
13.55, -0.38, -0.01, 20.27, 32.00, 0.2362
13.40, 1.79, -0.01, 19.25, 24.00, 0.2362
13.55, -0.46, -0.01, 19.04, 30.00, 0.2390
13.38, 1.76, -0.01, 19.25, 24.00, 0.2390
13.55, -0.27, -0.00, 19.23, 32.00, 0.2417
13.38, 1.73, -0.00, 18.59, 24.00, 0.2417
13.56, -0.09, -0.00, 18.77, 33.00, 0.2445
13.39, 1.72, -0.00, 19.86, 24.00, 0.2445
13.58, 0.03, 0.00, 19.69, 35.00, 0.2473
13.40, 1.76, 0.00, 19.16, 24.00, 0.2473
13.55, -0.10, -0.00, 19.66, 35.00, 0.2501
13.38, 1.76, -0.00, 17.97, 24.00, 0.2501
13.55, -0.35, -0.00, 20.11, 32.00, 0.2529
13.40, 1.80, -0.00, 17.99, 25.00, 0.2529
13.53, -0.52, -0.01, 20.05, 29.00, 0.2556
13.41, 2.24, -0.01, 19.18, 30.00, 0.2556
13.51, -0.89, -0.01, 19.59, 27.00, 0.2584
13.41, 2.19, -0.01, 19.19, 30.00, 0.2584
13.49, -1.26, -0.02, 19.56, 26.00, 0.2612
13.41, 2.17, -0.02, 19.71, 29.00, 0.2612
13.51, -0.73, -0.01, 19.63, 26.00, 0.2640
13.41, 2.20, -0.01, 19.71, 30.00, 0.2640
13.51, -0.83, -0.01, 19.17, 25.00, 0.2667
13.41, 2.22, -0.01, 19.13, 30.00, 0.2667
13.51, -0.73, -0.01, 19.14, 25.00, 0.2695
13.41, 2.21, -0.01, 19.12, 30.00, 0.2695
13.51, -0.76, -0.01, 17.79, 26.00, 0.2723
13.41, 2.22, -0.01, 18.55, 30.00, 0.2723
13.51, -0.67, -0.01, 18.66, 26.00, 0.2751
13.41, 2.31, -0.01, 18.55, 31.00, 0.2751
13.52, -0.64, -0.01, 19.13, 26.00, 0.2779
13.41, 2.36, -0.01, 18.58, 32.00, 0.2779
13.51, -0.63, -0.01, 19.13, 27.00, 0.2806
13.42, 2.38, -0.01, 19.07, 33.00, 0.2806
13.52, -0.52, -0.01, 20.11, 28.00, 0.2834
13.41, 2.26, -0.01, 19.07, 31.00, 0.2834
13.53, -0.40, -0.01, 18.64, 29.00, 0.2862
13.41, 2.18, -0.01, 19.59, 30.00, 0.2862
13.53, -0.46, -0.01, 19.57, 29.00, 0.2890
13.41, 2.20, -0.01, 19.56, 30.00, 0.2890
13.53, -0.51, -0.01, 19.09, 29.00, 0.2917
13.41, 2.27, -0.01, 19.01, 31.00, 0.2917
13.52, -0.60, -0.01, 18.10, 29.00, 0.2945
13.41, 2.42, -0.01, 19.04, 32.00, 0.2945
13.53, -0.41, -0.01, 20.66, 30.00, 0.2973
13.43, 2.52, -0.01, 18.06, 34.00, 0.2973
13.53, -0.28, -0.00, 17.64, 32.00, 0.3001
13.43, 2.63, -0.00, 18.55, 36.00, 0.3001
13.56, -0.02, 0.00, 19.59, 34.00, 0.3029
13.43, 2.58, 0.00, 19.53, 36.00, 0.3029
13.55, -0.09, -0.00, 19.04, 35.00, 0.3056
13.41, 2.43, -0.00, 20.04, 34.00, 0.3056
13.62, 0.81, 0.01, 20.26, 48.00, 0.3084
13.41, 2.29, 0.01, 19.98, 32.00, 0.3084
13.61, 0.76, 0.01, 19.74, 48.00, 0.3112
13.41, 2.10, 0.01, 19.04, 29.00, 0.3112
13.60, 0.67, 0.01, 19.72, 46.00, 0.3140
13.49, 3.42, 0.01, 19.37, 47.00, 0.3140
13.60, 0.63, 0.01, 19.23, 45.00, 0.3167
13.49, 3.39, 0.01, 19.86, 47.00, 0.3167
13.62, 0.73, 0.01, 19.23, 46.00, 0.3195
13.49, 3.35, 0.01, 18.90, 46.00, 0.3195
13.62, 0.83, 0.01, 19.23, 47.00, 0.3223
13.49, 3.34, 0.01, 18.88, 46.00, 0.3223
13.62, 0.89, 0.01, 18.80, 48.00, 0.3251
13.49, 3.35, 0.01, 19.34, 46.00, 0.3251
13.62, 0.95, 0.01, 19.72, 49.00, 0.3279
13.49, 3.31, 0.01, 20.35, 46.00, 0.3279
13.62, 0.92, 0.01, 19.26, 49.00, 0.3306
13.49, 3.38, 0.01, 19.80, 46.00, 0.3306
13.62, 0.90, 0.01, 19.29, 49.00, 0.3334
13.49, 3.39, 0.01, 19.83, 46.00, 0.3334
13.62, 0.85, 0.01, 18.83, 49.00, 0.3362
13.49, 3.42, 0.01, 18.84, 47.00, 0.3362
13.62, 0.86, 0.01, 19.66, 48.00, 0.3390
13.49, 3.45, 0.01, 19.28, 47.00, 0.3390
13.62, 0.82, 0.01, 19.69, 48.00, 0.3418
13.49, 3.42, 0.01, 18.34, 47.00, 0.3418
13.62, 0.80, 0.01, 19.23, 48.00, 0.3445
13.49, 3.50, 0.01, 18.79, 48.00, 0.3445
13.62, 0.82, 0.01, 19.22, 48.00, 0.3473
13.49, 3.55, 0.01, 19.74, 49.00, 0.3473
13.62, 0.86, 0.01, 19.63, 48.00, 0.3501
13.49, 3.49, 0.01, 20.26, 49.00, 0.3501
13.62, 0.79, 0.01, 20.54, 48.00, 0.3529
13.49, 3.55, 0.01, 19.25, 49.00, 0.3529
13.62, 0.89, 0.01, 19.20, 49.00, 0.3556
13.49, 3.54, 0.01, 19.20, 49.00, 0.3556
13.63, 0.91, 0.01, 19.93, 49.00, 0.3584
13.49, 3.45, 0.01, 19.74, 48.00, 0.3584
13.64, 0.95, 0.01, 19.41, 50.00, 0.3612
13.49, 3.30, 0.01, 19.69, 46.00, 0.3612
13.63, 1.00, 0.01, 19.35, 50.00, 0.3640
13.47, 3.17, 0.01, 19.22, 44.00, 0.3640
13.56, -0.66, -0.01, 19.75, 26.00, 0.3667
13.47, 2.98, -0.01, 20.17, 42.00, 0.3667
13.56, -0.67, -0.01, 18.23, 26.00, 0.3695
13.47, 2.94, -0.01, 19.68, 41.00, 0.3695
13.56, -0.67, -0.01, 19.26, 27.00, 0.3723
13.43, 2.51, -0.01, 18.82, 34.00, 0.3723
13.56, -0.65, -0.01, 18.74, 27.00, 0.3751
13.43, 2.53, -0.01, 18.26, 35.00, 0.3751
13.56, -0.59, -0.01, 19.69, 27.00, 0.3779
13.43, 2.63, -0.01, 18.27, 36.00, 0.3779
13.56, -0.58, -0.01, 19.20, 27.00, 0.3806
13.45, 2.89, -0.01, 19.43, 38.00, 0.3806
13.56, -0.57, -0.01, 19.17, 27.00, 0.3834
13.45, 3.01, -0.01, 20.02, 41.00, 0.3834
13.57, -0.55, -0.01, 19.20, 28.00, 0.3862
13.45, 3.07, -0.01, 20.04, 42.00, 0.3862
13.57, -0.53, -0.01, 19.66, 28.00, 0.3890
13.45, 3.05, -0.01, 19.40, 42.00, 0.3890
13.57, -0.47, -0.01, 19.63, 29.00, 0.3918
13.45, 3.01, -0.01, 19.40, 41.00, 0.3918
13.58, -0.39, -0.01, 19.13, 30.00, 0.3945
13.46, 3.12, -0.01, 18.83, 42.00, 0.3945
13.57, -0.45, -0.01, 19.13, 30.00, 0.3973
13.47, 3.25, -0.01, 18.84, 44.00, 0.3973
13.56, -0.51, -0.01, 18.61, 29.00, 0.4001
13.47, 3.13, -0.01, 19.92, 44.00, 0.4001
13.56, -0.50, -0.01, 19.60, 29.00, 0.4029
13.45, 3.03, -0.01, 19.37, 42.00, 0.4029
13.56, -0.48, -0.01, 16.84, 30.00, 0.4056
13.45, 3.00, -0.01, 19.39, 41.00, 0.4056
13.58, -0.10, -0.00, 18.14, 33.00, 0.4084
13.45, 2.98, -0.00, 19.83, 41.00, 0.4084
13.60, 0.14, 0.00, 19.10, 37.00, 0.4112
13.46, 2.86, 0.00, 19.83, 40.00, 0.4112
13.60, 0.09, 0.00, 19.61, 37.00, 0.4140
13.45, 2.76, 0.00, 18.43, 38.00, 0.4140
13.60, 0.01, 0.00, 19.60, 36.00, 0.4168
13.45, 2.76, 0.00, 18.40, 38.00, 0.4168
13.60, 0.04, 0.00, 18.58, 36.00, 0.4195
13.46, 2.79, 0.00, 18.37, 38.00, 0.4195
13.60, -0.59, -0.01, 18.95, 28.00, 0.4223
13.45, 2.86, -0.01, 18.82, 39.00, 0.4223
13.60, -0.56, -0.01, 18.95, 28.00, 0.4251
13.45, 2.81, -0.01, 18.79, 39.00, 0.4251
13.60, -0.62, -0.01, 19.44, 28.00, 0.4279
13.45, 2.64, -0.01, 19.25, 37.00, 0.4279
13.59, -0.67, -0.01, 20.02, 27.00, 0.4306
13.49, 3.38, -0.01, 19.95, 46.00, 0.4306
13.60, -0.62, -0.01, 18.92, 27.00, 0.4334
13.49, 3.38, -0.01, 19.37, 46.00, 0.4334
13.60, -0.62, -0.01, 19.44, 27.00, 0.4362
13.49, 3.41, -0.01, 19.34, 46.00, 0.4362
13.60, -0.64, -0.01, 19.44, 27.00, 0.4390
13.48, 3.41, -0.01, 19.89, 47.00, 0.4390
13.59, -0.68, -0.01, 18.32, 26.00, 0.4417
13.49, 3.43, -0.01, 19.89, 47.00, 0.4417
13.58, -0.71, -0.01, 18.83, 26.00, 0.4445
13.49, 3.44, -0.01, 19.85, 47.00, 0.4445
13.58, -0.80, -0.01, 20.02, 26.00, 0.4473
13.49, 3.38, -0.01, 20.41, 47.00, 0.4473
13.58, -0.76, -0.01, 19.38, 25.00, 0.4501
13.49, 3.45, -0.01, 19.34, 47.00, 0.4501
13.58, -0.74, -0.01, 19.38, 26.00, 0.4529
13.49, 3.42, -0.01, 18.79, 47.00, 0.4529
13.58, -0.69, -0.01, 19.96, 26.00, 0.4556
13.49, 3.43, -0.01, 19.83, 47.00, 0.4556
13.58, -0.67, -0.01, 19.96, 27.00, 0.4584
13.47, 3.31, -0.01, 20.35, 46.00, 0.4584
13.58, -0.69, -0.01, 18.79, 27.00, 0.4612
13.47, 3.23, -0.01, 19.25, 45.00, 0.4612
13.58, -0.70, -0.01, 18.22, 27.00, 0.4640
13.47, 3.12, -0.01, 19.25, 43.00, 0.4640
13.58, -0.66, -0.01, 19.32, 27.00, 0.4668
13.47, 2.98, -0.01, 19.77, 41.00, 0.4668
13.58, -0.65, -0.01, 18.70, 27.00, 0.4695
13.48, 2.83, -0.01, 18.68, 39.00, 0.4695
13.58, -0.55, -0.01, 19.93, 28.00, 0.4723
13.46, 2.68, -0.01, 20.35, 38.00, 0.4723
13.58, -0.42, -0.01, 17.15, 30.00, 0.4751
13.45, 2.58, -0.01, 19.19, 36.00, 0.4751
13.62, 0.06, 0.00, 19.35, 35.00, 0.4779
13.44, 2.44, 0.00, 19.19, 34.00, 0.4779
13.71, 0.27, 0.00, 21.62, 40.00, 0.4806
13.43, 2.41, 0.00, 17.69, 33.00, 0.4806
13.70, 0.28, 0.00, 21.61, 41.00, 0.4834
13.45, 2.59, 0.00, 19.16, 35.00, 0.4834
13.70, 0.30, 0.00, 21.60, 41.00, 0.4862
13.49, 3.21, 0.00, 19.82, 44.00, 0.4862
13.71, 0.27, 0.00, 21.58, 41.00, 0.4890
13.49, 3.22, 0.00, 19.25, 44.00, 0.4890
13.70, 0.26, 0.00, 21.58, 41.00, 0.4917
13.49, 3.25, 0.00, 19.25, 44.00, 0.4917
13.72, 0.26, 0.00, 21.58, 41.00, 0.4945
13.49, 3.27, 0.00, 19.76, 45.00, 0.4945
13.70, 0.27, 0.00, 21.55, 41.00, 0.4973
13.49, 3.28, 0.00, 19.74, 45.00, 0.4973
13.71, 0.27, 0.00, 21.55, 41.00, 0.5001
13.49, 3.29, 0.00, 18.71, 45.00, 0.5001
13.70, 0.25, 0.00, 21.55, 40.00, 0.5029
13.49, 3.31, 0.00, 19.19, 45.00, 0.5029
13.70, 0.25, 0.00, 21.52, 40.00, 0.5056
13.49, 3.32, 0.00, 19.16, 45.00, 0.5056
13.70, 0.26, 0.00, 21.52, 40.00, 0.5084
13.49, 3.32, 0.00, 19.68, 46.00, 0.5084
13.70, 0.26, 0.00, 21.52, 40.00, 0.5112
13.49, 3.32, 0.00, 18.67, 46.00, 0.5112
13.70, 0.27, 0.00, 21.52, 41.00, 0.5140
13.49, 3.35, 0.00, 19.16, 46.00, 0.5140
13.71, 0.27, 0.00, 21.52, 41.00, 0.5167
13.49, 3.29, 0.00, 20.16, 46.00, 0.5167
13.72, 0.27, 0.00, 21.54, 41.00, 0.5195
13.49, 3.32, 0.00, 19.16, 46.00, 0.5195
13.72, 0.29, 0.00, 21.55, 40.00, 0.5223
13.49, 3.28, 0.00, 18.61, 45.00, 0.5223
13.72, 0.22, 0.00, 21.55, 40.00, 0.5251
13.49, 3.27, 0.00, 18.58, 45.00, 0.5251
13.70, 0.20, 0.00, 21.52, 40.00, 0.5279
13.49, 3.29, 0.00, 19.10, 45.00, 0.5279
13.70, 0.21, 0.00, 21.49, 40.00, 0.5306
13.49, 3.24, 0.00, 20.12, 45.00, 0.5306
13.70, 0.15, 0.00, 21.46, 39.00, 0.5334
13.49, 3.29, 0.00, 19.59, 45.00, 0.5334
13.72, 0.10, 0.00, 21.92, 39.00, 0.5362
13.49, 3.25, 0.00, 18.57, 45.00, 0.5362
13.71, 0.09, 0.00, 21.92, 39.00, 0.5390
13.49, 3.28, 0.00, 19.53, 45.00, 0.5390
13.70, 0.07, 0.00, 21.93, 38.00, 0.5418
13.49, 3.23, 0.00, 20.07, 45.00, 0.5418
13.71, 0.07, 0.00, 21.92, 38.00, 0.5445
13.49, 3.25, 0.00, 19.04, 45.00, 0.5445
13.71, 0.06, 0.00, 21.92, 38.00, 0.5473
13.49, 3.24, 0.00, 19.53, 44.00, 0.5473
13.70, 0.02, 0.00, 21.92, 38.00, 0.5501
13.49, 3.22, 0.00, 19.55, 44.00, 0.5501
13.70, 0.04, 0.00, 21.89, 38.00, 0.5529
13.49, 3.22, 0.00, 19.01, 44.00, 0.5529
13.70, 0.03, 0.00, 21.89, 38.00, 0.5556
13.47, 2.97, 0.00, 18.31, 41.00, 0.5556
13.70, 0.05, 0.00, 21.86, 38.00, 0.5584
13.47, 2.98, 0.00, 18.73, 41.00, 0.5584
13.70, -0.02, 0.00, 21.86, 38.00, 0.5612
13.47, 2.94, 0.00, 19.71, 41.00, 0.5612
13.70, 0.06, 0.00, 21.85, 38.00, 0.5640
13.47, 2.87, 0.00, 18.68, 40.00, 0.5640
13.72, 0.06, 0.00, 21.83, 38.00, 0.5667
13.48, 2.76, 0.00, 20.29, 39.00, 0.5667
13.70, 0.02, 0.00, 21.83, 38.00, 0.5695
13.48, 2.81, 0.00, 19.18, 38.00, 0.5695
13.70, -0.06, 0.00, 21.78, 37.00, 0.5723
13.48, 2.75, 0.00, 18.63, 38.00, 0.5723
13.70, -0.06, 0.00, 21.71, 37.00, 0.5751
13.47, 2.70, 0.00, 19.68, 37.00, 0.5751
13.72, 0.10, 0.00, 21.72, 38.00, 0.5779
13.46, 2.72, 0.00, 19.13, 37.00, 0.5779
13.72, 0.11, 0.00, 21.74, 39.00, 0.5806
13.48, 2.79, 0.00, 19.13, 38.00, 0.5806
13.72, 0.09, 0.00, 21.77, 39.00, 0.5834
13.48, 2.82, 0.00, 19.07, 38.00, 0.5834
13.72, 0.09, 0.00, 21.80, 39.00, 0.5862
13.48, 2.83, 0.00, 18.55, 39.00, 0.5862
13.71, -0.01, 0.00, 21.81, 38.00, 0.5890
13.48, 2.83, 0.00, 18.52, 39.00, 0.5890
13.72, 0.07, 0.00, 21.80, 38.00, 0.5917
13.48, 2.80, 0.00, 19.07, 39.00, 0.5917
13.66, -0.19, -0.00, 19.04, 33.00, 0.5945
13.48, 2.79, -0.00, 19.04, 38.00, 0.5945
13.65, -0.21, -0.00, 19.04, 33.00, 0.5973
13.48, 2.76, -0.00, 19.59, 38.00, 0.5973
13.66, -0.22, -0.00, 19.04, 33.00, 0.6001
13.48, 2.76, -0.00, 18.52, 38.00, 0.6001
13.65, -0.23, -0.00, 19.04, 33.00, 0.6029
13.47, 2.82, -0.00, 18.55, 39.00, 0.6029
13.64, -0.28, -0.00, 19.01, 32.00, 0.6056
13.48, 2.76, -0.00, 20.07, 38.00, 0.6056
13.64, -0.30, -0.00, 19.01, 32.00, 0.6084
13.46, 2.73, -0.00, 19.04, 38.00, 0.6084
13.64, -0.38, -0.01, 19.01, 31.00, 0.6112
13.46, 2.70, -0.01, 18.49, 37.00, 0.6112
13.64, -0.38, -0.01, 19.01, 31.00, 0.6140
13.45, 2.85, -0.01, 19.66, 39.00, 0.6140
13.64, -0.39, -0.01, 19.01, 31.00, 0.6168
13.43, 2.63, -0.01, 19.46, 37.00, 0.6168
13.64, -0.35, -0.00, 19.01, 31.00, 0.6195
13.43, 2.42, -0.00, 19.46, 34.00, 0.6195
13.64, -0.29, -0.00, 19.01, 32.00, 0.6223
13.43, 2.34, -0.00, 18.86, 32.00, 0.6223
13.64, -0.28, -0.00, 19.01, 32.00, 0.6251
13.43, 2.30, -0.00, 19.86, 32.00, 0.6251
13.64, -0.31, -0.00, 19.01, 32.00, 0.6279
13.43, 2.26, -0.00, 18.23, 31.00, 0.6279
13.64, -0.32, -0.00, 19.01, 32.00, 0.6306
13.42, 2.25, -0.00, 19.34, 31.00, 0.6306
13.64, -0.31, -0.00, 19.01, 32.00, 0.6334
13.41, 2.24, -0.00, 19.34, 31.00, 0.6334
13.64, -0.28, -0.00, 19.01, 32.00, 0.6362
13.41, 2.20, -0.00, 19.07, 30.00, 0.6362
13.64, -0.28, -0.00, 19.01, 32.00, 0.6390
13.41, 2.17, -0.00, 19.04, 30.00, 0.6390
13.64, -0.27, -0.00, 19.03, 32.00, 0.6417
13.41, 2.15, -0.00, 18.76, 29.00, 0.6417
13.64, -0.32, -0.00, 19.01, 32.00, 0.6445
13.41, 2.14, -0.00, 19.89, 29.00, 0.6445
13.64, -0.30, -0.00, 19.01, 32.00, 0.6473
13.41, 2.11, -0.00, 19.91, 29.00, 0.6473
13.64, -0.28, -0.00, 19.01, 32.00, 0.6501
13.41, 2.10, -0.00, 18.40, 29.00, 0.6501
13.57, -0.69, -0.01, 19.41, 26.00, 0.6529
13.41, 2.10, -0.01, 20.20, 29.00, 0.6529
13.57, -0.70, -0.01, 20.05, 26.00, 0.6556
13.41, 2.12, -0.01, 18.61, 29.00, 0.6556
13.58, -0.69, -0.01, 18.74, 27.00, 0.6584
13.41, 2.08, -0.01, 18.61, 29.00, 0.6584
13.57, -0.67, -0.01, 19.35, 27.00, 0.6612
13.41, 2.06, -0.01, 19.22, 28.00, 0.6612
13.58, -0.67, -0.01, 19.35, 27.00, 0.6640
13.41, 2.02, -0.01, 18.88, 28.00, 0.6640
13.58, -0.67, -0.01, 19.36, 27.00, 0.6667
13.41, 2.03, -0.01, 18.88, 28.00, 0.6667
13.58, -0.70, -0.01, 18.83, 26.00, 0.6695
13.41, 2.01, -0.01, 18.52, 28.00, 0.6695
13.56, -0.68, -0.01, 18.80, 27.00, 0.6723
13.40, 1.82, -0.01, 19.31, 25.00, 0.6723
13.56, -0.74, -0.01, 18.30, 27.00, 0.6751
13.40, 1.80, -0.01, 19.92, 25.00, 0.6751
13.56, -0.72, -0.01, 18.27, 27.00, 0.6779
13.40, 1.82, -0.01, 19.92, 25.00, 0.6779
13.56, -0.70, -0.01, 18.74, 27.00, 0.6806
13.40, 1.75, -0.01, 20.53, 25.00, 0.6806
13.56, -0.70, -0.01, 18.70, 27.00, 0.6834
13.40, 1.83, -0.01, 19.30, 25.00, 0.6834
13.57, -0.71, -0.01, 18.69, 27.00, 0.6862
13.40, 1.80, -0.01, 19.30, 25.00, 0.6862
13.58, -0.67, -0.01, 19.26, 27.00, 0.6890
13.40, 1.79, -0.01, 19.89, 25.00, 0.6890
13.56, -0.63, -0.01, 19.25, 27.00, 0.6918
13.40, 1.79, -0.01, 19.86, 24.00, 0.6918
13.58, -0.62, -0.01, 18.61, 27.00, 0.6945
13.40, 1.80, -0.01, 19.22, 24.00, 0.6945
13.56, -0.60, -0.01, 18.61, 28.00, 0.6973
13.40, 1.72, -0.01, 20.54, 24.00, 0.6973
13.58, -0.61, -0.01, 19.20, 28.00, 0.7001
13.40, 1.79, -0.01, 19.86, 24.00, 0.7001
13.57, -0.58, -0.01, 19.20, 28.00, 0.7029
13.40, 1.77, -0.01, 18.58, 24.00, 0.7029
13.56, -0.61, -0.01, 18.58, 28.00, 0.7056
13.40, 1.76, -0.01, 19.86, 24.00, 0.7056
13.47, -0.97, -0.01, 18.51, 23.00, 0.7084
13.40, 1.70, -0.01, 20.50, 24.00, 0.7084
13.47, -1.00, -0.01, 17.91, 23.00, 0.7112
13.40, 1.70, -0.01, 20.45, 24.00, 0.7112
13.47, -0.95, -0.01, 19.07, 23.00, 0.7140
13.40, 1.76, -0.01, 19.74, 24.00, 0.7140
13.48, -0.91, -0.01, 19.69, 23.00, 0.7167
13.40, 1.76, -0.01, 19.77, 24.00, 0.7167
13.48, -0.89, -0.01, 19.69, 23.00, 0.7195
13.40, 1.70, -0.01, 20.41, 24.00, 0.7195
13.49, -0.89, -0.01, 20.36, 24.00, 0.7223
13.40, 1.74, -0.01, 19.10, 24.00, 0.7223
13.49, -0.88, -0.01, 20.33, 24.00, 0.7251
13.40, 1.70, -0.01, 17.88, 24.00, 0.7251
13.49, -0.89, -0.01, 20.28, 24.00, 0.7279
13.40, 1.72, -0.01, 18.43, 24.00, 0.7279
13.49, -0.85, -0.01, 19.65, 24.00, 0.7306
13.39, 1.72, -0.01, 18.43, 23.00, 0.7306
13.49, -0.88, -0.01, 19.65, 24.00, 0.7334
13.39, 1.73, -0.01, 19.01, 23.00, 0.7334
13.49, -0.88, -0.01, 20.27, 24.00, 0.7362
13.38, 1.76, -0.01, 18.79, 24.00, 0.7362
13.49, -0.85, -0.01, 19.01, 25.00, 0.7390
13.39, 1.74, -0.01, 20.07, 24.00, 0.7390
13.49, -0.88, -0.01, 18.96, 25.00, 0.7418
13.40, 1.77, -0.01, 19.37, 24.00, 0.7418
13.48, -0.83, -0.01, 19.59, 25.00, 0.7445
13.39, 1.77, -0.01, 19.36, 24.00, 0.7445
13.49, -0.82, -0.01, 19.60, 25.00, 0.7473
13.40, 1.77, -0.01, 19.31, 24.00, 0.7473
13.49, -0.82, -0.01, 18.98, 25.00, 0.7501
13.38, 1.70, -0.01, 17.54, 24.00, 0.7501
13.49, -0.82, -0.01, 18.94, 25.00, 0.7529
13.40, 1.78, -0.01, 19.89, 24.00, 0.7529
13.49, -0.82, -0.01, 19.56, 25.00, 0.7556
13.40, 1.83, -0.01, 19.25, 25.00, 0.7556
13.47, -0.90, -0.01, 20.82, 24.00, 0.7584
13.40, 1.85, -0.01, 19.25, 25.00, 0.7584
13.49, -0.96, -0.01, 20.81, 25.00, 0.7612
13.40, 1.84, -0.01, 19.86, 25.00, 0.7612
13.48, -0.84, -0.01, 20.17, 25.00, 0.7640
13.40, 1.83, -0.01, 19.86, 25.00, 0.7640
13.49, -0.84, -0.01, 20.19, 24.00, 0.7668
13.40, 1.81, -0.01, 18.62, 25.00, 0.7668
13.47, -0.91, -0.01, 20.82, 24.00, 0.7695
13.39, 1.79, -0.01, 19.19, 24.00, 0.7695
13.49, -0.91, -0.01, 20.79, 25.00, 0.7723
13.38, 1.69, -0.01, 19.19, 23.00, 0.7723
13.43, -0.85, -0.01, 19.02, 24.00, 0.7751
13.38, 1.65, -0.01, 19.83, 22.00, 0.7751
13.43, -0.83, -0.01, 19.62, 24.00, 0.7779
13.38, 1.62, -0.01, 18.55, 22.00, 0.7779
13.43, -0.83, -0.01, 19.60, 25.00, 0.7806
13.38, 1.62, -0.01, 18.54, 22.00, 0.7806
13.43, -0.81, -0.01, 18.40, 25.00, 0.7834
13.38, 1.57, -0.01, 20.32, 22.00, 0.7834
13.43, -0.81, -0.01, 18.95, 25.00, 0.7862
13.38, 1.56, -0.01, 20.27, 22.00, 0.7862
13.45, -0.75, -0.01, 19.02, 25.00, 0.7890
13.38, 1.58, -0.01, 19.71, 22.00, 0.7890
13.45, -0.79, -0.01, 19.56, 26.00, 0.7917
13.38, 1.58, -0.01, 19.71, 21.00, 0.7917
13.45, -0.70, -0.01, 20.82, 27.00, 0.7945
13.39, 2.03, -0.01, 18.67, 27.00, 0.7945
13.45, -0.54, -0.01, 20.20, 29.00, 0.7973
13.39, 2.08, -0.01, 19.37, 28.00, 0.7973
13.45, -0.72, -0.01, 18.95, 28.00, 0.8001
13.39, 2.04, -0.01, 18.95, 28.00, 0.8001
13.45, -0.73, -0.01, 18.97, 27.00, 0.8029
13.39, 2.10, -0.01, 20.53, 29.00, 0.8029
13.45, -0.75, -0.01, 18.34, 26.00, 0.8056
13.39, 2.22, -0.01, 18.12, 30.00, 0.8056
13.45, -0.73, -0.01, 19.49, 26.00, 0.8084
13.41, 2.42, -0.01, 19.95, 32.00, 0.8084
13.45, -0.75, -0.01, 20.18, 26.00, 0.8112
13.41, 2.47, -0.01, 19.13, 34.00, 0.8112
13.44, -0.75, -0.01, 18.89, 26.00, 0.8140
13.41, 2.49, -0.01, 18.72, 34.00, 0.8140
13.45, -0.72, -0.01, 19.47, 26.00, 0.8168
13.41, 2.62, -0.01, 18.76, 36.00, 0.8168
13.45, -0.62, -0.01, 19.48, 27.00, 0.8195
13.42, 2.67, -0.01, 19.95, 36.00, 0.8195
13.43, -0.84, -0.01, 15.34, 26.00, 0.8223
13.43, 2.66, -0.01, 20.81, 37.00, 0.8223
13.44, -0.75, -0.01, 16.84, 25.00, 0.8251
13.43, 2.83, -0.01, 19.07, 38.00, 0.8251
13.44, -0.78, -0.01, 20.88, 27.00, 0.8279
13.42, 3.00, -0.01, 19.50, 40.00, 0.8279
13.43, -1.11, -0.01, 21.85, 23.00, 0.8306
13.42, 3.03, -0.01, 20.39, 41.00, 0.8306
13.41, -1.15, -0.01, 21.83, 18.00, 0.8334
13.44, 3.01, -0.01, 19.89, 41.00, 0.8334
13.43, -0.85, -0.01, 20.88, 24.00, 0.8362
13.42, 3.03, -0.01, 19.89, 41.00, 0.8362
13.43, -0.74, -0.01, 19.32, 26.00, 0.8390
13.43, 3.05, -0.01, 19.43, 41.00, 0.8390
13.42, -0.98, -0.01, 18.67, 23.00, 0.8417
13.44, 3.10, -0.01, 20.32, 43.00, 0.8417
13.43, -0.99, -0.01, 19.87, 23.00, 0.8445
13.45, 3.01, -0.01, 20.29, 42.00, 0.8445
13.41, -1.00, -0.01, 19.26, 23.00, 0.8473
13.43, 2.93, -0.01, 19.01, 41.00, 0.8473
13.41, -0.99, -0.01, 19.23, 23.00, 0.8501
13.44, 2.97, -0.01, 19.84, 41.00, 0.8501
13.42, -1.00, -0.01, 18.71, 23.00, 0.8529
13.38, 1.51, -0.01, 19.65, 20.00, 0.8529
13.42, -0.98, -0.01, 18.74, 23.00, 0.8556
13.38, 1.48, -0.01, 20.11, 20.00, 0.8556
13.41, -1.01, -0.01, 18.16, 23.00, 0.8584
13.38, 1.51, -0.01, 19.04, 20.00, 0.8584
13.41, -1.00, -0.01, 18.13, 23.00, 0.8612
13.38, 1.50, -0.01, 19.01, 20.00, 0.8612
13.41, -1.02, -0.01, 18.09, 23.00, 0.8640
13.38, 1.49, -0.01, 19.59, 20.00, 0.8640
13.41, -1.00, -0.01, 18.61, 23.00, 0.8667
13.38, 1.49, -0.01, 18.46, 20.00, 0.8667
13.41, -1.03, -0.01, 18.59, 23.00, 0.8695
13.38, 1.46, -0.01, 17.85, 20.00, 0.8695
13.41, -1.01, -0.01, 19.17, 23.00, 0.8723
13.38, 1.45, -0.01, 17.82, 20.00, 0.8723
13.41, -1.03, -0.01, 19.16, 23.00, 0.8751
13.38, 1.48, -0.01, 18.37, 20.00, 0.8751
13.41, -1.07, -0.01, 19.81, 23.00, 0.8779
13.38, 1.48, -0.01, 18.34, 20.00, 0.8779
13.41, -1.05, -0.01, 18.52, 23.00, 0.8806
13.38, 1.48, -0.01, 18.33, 20.00, 0.8806
13.41, -1.05, -0.01, 19.73, 22.00, 0.8834
13.38, 1.49, -0.01, 18.88, 20.00, 0.8834
13.41, -1.05, -0.01, 19.10, 22.00, 0.8862
13.38, 1.49, -0.01, 18.88, 20.00, 0.8862
13.41, -1.06, -0.01, 19.07, 22.00, 0.8890
13.38, 1.49, -0.01, 19.46, 20.00, 0.8890
13.41, -1.05, -0.01, 18.46, 22.00, 0.8918
13.38, 1.49, -0.01, 19.46, 20.00, 0.8918
13.41, -1.08, -0.01, 18.43, 22.00, 0.8945
13.38, 1.49, -0.01, 18.30, 20.00, 0.8945
13.41, -1.04, -0.01, 19.01, 22.00, 0.8973
13.38, 1.49, -0.01, 18.88, 20.00, 0.8973
13.47, 0.37, 0.00, 18.64, 42.00, 0.9001
13.38, 1.47, 0.00, 19.92, 20.00, 0.9001
13.47, 0.49, 0.01, 19.14, 44.00, 0.9029
13.38, 1.49, 0.01, 19.43, 20.00, 0.9029
13.47, 0.56, 0.01, 19.11, 45.00, 0.9056
13.38, 1.49, 0.01, 19.41, 20.00, 0.9056
13.47, 0.57, 0.01, 19.59, 45.00, 0.9084
13.38, 1.48, 0.01, 19.92, 20.00, 0.9084
13.47, 0.52, 0.01, 19.59, 44.00, 0.9112
13.38, 1.48, 0.01, 19.89, 20.00, 0.9112
13.47, 0.48, 0.01, 19.59, 44.00, 0.9140
13.38, 1.48, 0.01, 19.89, 20.00, 0.9140
13.47, 0.37, 0.00, 19.07, 42.00, 0.9167
13.47, 3.27, 0.00, 19.30, 45.00, 0.9167
13.47, 0.39, 0.01, 20.01, 42.00, 0.9195
13.47, 3.25, 0.01, 18.85, 45.00, 0.9195
13.47, 0.30, 0.00, 19.53, 42.00, 0.9223
13.47, 3.28, 0.00, 19.66, 45.00, 0.9223
13.45, 0.09, 0.00, 19.53, 39.00, 0.9251
13.47, 3.25, 0.00, 20.13, 45.00, 0.9251
13.45, 0.16, 0.00, 19.07, 39.00, 0.9279
13.47, 3.25, 0.00, 19.25, 45.00, 0.9279
13.47, 0.40, 0.01, 19.04, 41.00, 0.9306
13.47, 3.22, 0.01, 19.68, 44.00, 0.9306
13.47, 0.51, 0.01, 19.96, 44.00, 0.9334
13.47, 3.20, 0.01, 19.68, 44.00, 0.9334
13.47, 0.49, 0.01, 20.42, 44.00, 0.9362
13.47, 3.15, 0.01, 19.65, 43.00, 0.9362
13.47, 0.53, 0.01, 19.53, 44.00, 0.9390
13.47, 3.12, 0.01, 20.13, 43.00, 0.9390
13.47, 0.48, 0.01, 19.01, 44.00, 0.9417
13.47, 3.16, 0.01, 19.22, 43.00, 0.9417
13.47, 0.53, 0.01, 19.96, 44.00, 0.9445
13.47, 3.12, 0.01, 19.65, 43.00, 0.9445
13.47, 0.51, 0.01, 20.45, 45.00, 0.9473
13.47, 3.01, 0.01, 18.73, 42.00, 0.9473
13.49, 0.60, 0.01, 19.47, 45.00, 0.9501
13.46, 2.92, 0.01, 20.11, 41.00, 0.9501
13.49, 0.62, 0.01, 19.44, 45.00, 0.9529
13.47, 2.89, 0.01, 19.13, 40.00, 0.9529
13.49, 0.62, 0.01, 19.92, 46.00, 0.9556
13.45, 2.84, 0.01, 20.10, 39.00, 0.9556
13.47, 0.16, 0.00, 21.60, 34.00, 0.9584
13.46, 2.75, 0.00, 19.62, 38.00, 0.9584
13.47, 0.49, 0.01, 19.78, 42.00, 0.9612
13.46, 2.74, 0.01, 18.61, 38.00, 0.9612
13.47, 0.30, 0.00, 19.78, 42.00, 0.9640
13.45, 2.65, 0.00, 20.08, 37.00, 0.9640
13.45, 0.05, 0.00, 19.74, 38.00, 0.9668
13.43, 2.48, 0.00, 19.13, 35.00, 0.9668
13.45, -0.01, 0.00, 19.93, 36.00, 0.9695
13.43, 2.31, 0.00, 19.56, 32.00, 0.9695
13.45, -0.01, 0.00, 20.79, 36.00, 0.9723
13.49, 3.48, 0.00, 19.47, 48.00, 0.9723
13.47, 0.16, 0.00, 19.99, 38.00, 0.9751
13.49, 3.48, 0.00, 19.47, 48.00, 0.9751
13.47, 0.40, 0.01, 18.43, 41.00, 0.9779
13.49, 3.43, 0.01, 18.67, 48.00, 0.9779
13.47, 0.44, 0.01, 17.02, 42.00, 0.9806
13.49, 3.44, 0.01, 19.04, 47.00, 0.9806
13.48, 0.57, 0.01, 18.52, 44.00, 0.9834
13.49, 3.43, 0.01, 19.86, 47.00, 0.9834
13.49, 0.59, 0.01, 19.44, 44.00, 0.9862
13.49, 3.46, 0.01, 19.47, 47.00, 0.9862
13.49, 0.73, 0.01, 17.83, 46.00, 0.9890
13.49, 3.42, 0.01, 18.64, 47.00, 0.9890
13.49, 0.78, 0.01, 16.99, 46.00, 0.9917
13.49, 3.43, 0.01, 19.01, 47.00, 0.9917
13.51, 0.93, 0.01, 18.21, 49.00, 0.9945
13.49, 3.43, 0.01, 19.04, 47.00, 0.9945
13.50, 1.01, 0.01, 19.69, 50.00, 0.9973
13.49, 3.45, 0.01, 19.01, 47.00, 0.9973
13.51, 0.94, 0.01, 18.95, 50.00, 1.0001
13.49, 3.48, 0.01, 19.40, 48.00, 1.0001
13.51, 0.87, 0.01, 19.96, 49.00, 1.0029
13.49, 3.42, 0.01, 20.23, 48.00, 1.0029
13.49, 0.73, 0.01, 19.44, 47.00, 1.0056
13.49, 3.48, 0.01, 19.83, 48.00, 1.0056
13.49, 0.72, 0.01, 20.19, 46.00, 1.0084
13.49, 3.48, 0.01, 19.80, 48.00, 1.0084
13.51, 0.85, 0.01, 19.62, 48.00, 1.0112
13.49, 3.42, 0.01, 19.83, 48.00, 1.0112
13.51, 0.95, 0.01, 19.29, 49.00, 1.0140
13.49, 3.41, 0.01, 20.32, 48.00, 1.0140
13.55, 0.97, 0.01, 17.76, 50.00, 1.0167
13.49, 3.49, 0.01, 19.36, 48.00, 1.0167
13.56, 1.09, 0.01, 19.87, 52.00, 1.0195
13.49, 3.48, 0.01, 19.83, 48.00, 1.0195
13.56, 1.12, 0.01, 19.23, 53.00, 1.0223
13.49, 3.48, 0.01, 18.85, 48.00, 1.0223
13.54, 1.05, 0.01, 19.53, 52.00, 1.0251
13.49, 3.49, 0.01, 19.31, 48.00, 1.0251
13.55, 0.97, 0.01, 19.54, 51.00, 1.0279
13.49, 3.48, 0.01, 19.30, 48.00, 1.0279
13.55, 0.91, 0.01, 18.92, 50.00, 1.0306
13.49, 3.35, 0.01, 19.34, 46.00, 1.0306
13.55, 0.84, 0.01, 19.87, 49.00, 1.0334
13.49, 3.34, 0.01, 18.40, 46.00, 1.0334
13.56, 0.83, 0.01, 19.20, 49.00, 1.0362
13.49, 3.39, 0.01, 19.31, 46.00, 1.0362
13.55, 0.67, 0.01, 19.53, 47.00, 1.0390
13.49, 3.36, 0.01, 19.80, 46.00, 1.0390
13.53, 0.54, 0.01, 18.82, 45.00, 1.0418
13.49, 3.40, 0.01, 18.86, 47.00, 1.0418
13.53, 0.54, 0.01, 19.53, 45.00, 1.0445
13.49, 3.42, 0.01, 19.28, 47.00, 1.0445
13.53, 0.52, 0.01, 19.13, 44.00, 1.0473
13.49, 3.45, 0.01, 19.30, 47.00, 1.0473
13.53, 0.43, 0.01, 19.95, 44.00, 1.0501
13.51, 3.46, 0.01, 19.77, 48.00, 1.0501
13.53, 0.63, 0.01, 18.71, 45.00, 1.0529
13.50, 3.51, 0.01, 19.80, 48.00, 1.0529
13.56, 0.89, 0.01, 18.74, 48.00, 1.0556
13.51, 3.56, 0.01, 18.81, 49.00, 1.0556
13.55, 0.92, 0.01, 19.16, 50.00, 1.0584
13.51, 3.62, 0.01, 19.28, 49.00, 1.0584
13.55, 0.96, 0.01, 19.13, 51.00, 1.0612
13.51, 3.64, 0.01, 19.25, 50.00, 1.0612
13.55, 0.99, 0.01, 19.13, 51.00, 1.0640
13.51, 3.62, 0.01, 19.74, 50.00, 1.0640
13.54, 0.99, 0.01, 19.53, 51.00, 1.0667
13.51, 3.51, 0.01, 19.71, 49.00, 1.0667
13.56, 0.95, 0.01, 19.55, 51.00, 1.0695
13.49, 3.25, 0.01, 20.10, 46.00, 1.0695
13.60, 0.77, 0.01, 19.07, 48.00, 1.0723
13.51, 3.46, 0.01, 19.22, 47.00, 1.0723
13.60, 0.79, 0.01, 19.50, 48.00, 1.0751
13.50, 3.46, 0.01, 20.05, 48.00, 1.0751
13.60, 0.81, 0.01, 19.50, 48.00, 1.0779
13.51, 3.56, 0.01, 19.62, 49.00, 1.0779
13.61, 0.81, 0.01, 19.47, 49.00, 1.0806
13.51, 3.70, 0.01, 18.52, 51.00, 1.0806
13.60, 0.79, 0.01, 19.04, 49.00, 1.0834
13.51, 3.72, 0.01, 18.49, 51.00, 1.0834
13.60, 0.73, 0.01, 19.01, 48.00, 1.0862
13.49, 3.38, 0.01, 19.10, 47.00, 1.0862
13.60, 0.66, 0.01, 19.47, 47.00, 1.0890
13.49, 3.20, 0.01, 19.07, 45.00, 1.0890
13.60, 0.59, 0.01, 18.56, 46.00, 1.0918
13.49, 3.04, 0.01, 18.76, 42.00, 1.0918
13.60, 0.59, 0.01, 18.52, 46.00, 1.0945
13.48, 2.77, 0.01, 19.33, 39.00, 1.0945
13.60, 0.70, 0.01, 18.98, 48.00, 1.0973
13.47, 2.49, 0.01, 19.25, 35.00, 1.0973
13.62, 0.76, 0.01, 19.89, 48.00, 1.1001
13.46, 2.44, 0.01, 18.67, 33.00, 1.1001
13.61, 0.78, 0.01, 18.58, 49.00, 1.1029
13.46, 2.44, 0.01, 16.93, 34.00, 1.1029
13.62, 0.80, 0.01, 19.39, 49.00, 1.1056
13.48, 2.55, 0.01, 18.49, 35.00, 1.1056
13.62, 0.80, 0.01, 18.98, 49.00, 1.1084
13.46, 2.49, 0.01, 19.59, 35.00, 1.1084
13.60, 0.78, 0.01, 19.84, 49.00, 1.1112
13.46, 2.53, 0.01, 17.60, 35.00, 1.1112
13.62, 0.85, 0.01, 18.98, 49.00, 1.1140
13.48, 2.70, 0.01, 19.89, 37.00, 1.1140
13.60, 0.76, 0.01, 18.52, 49.00, 1.1168
13.48, 2.60, 0.01, 19.22, 37.00, 1.1168
13.62, 0.79, 0.01, 19.35, 49.00, 1.1195
13.46, 2.49, 0.01, 18.43, 35.00, 1.1195
13.61, 0.74, 0.01, 19.81, 48.00, 1.1223
13.46, 2.56, 0.01, 18.96, 35.00, 1.1223
13.60, 0.72, 0.01, 18.90, 48.00, 1.1251
13.46, 2.60, 0.01, 19.28, 36.00, 1.1251
13.62, 0.76, 0.01, 18.46, 48.00, 1.1279
13.46, 2.45, 0.01, 19.25, 34.00, 1.1279
13.66, 0.76, 0.01, 18.03, 46.00, 1.1306
13.45, 2.35, 0.01, 18.92, 32.00, 1.1306
13.67, 0.98, 0.01, 18.06, 49.00, 1.1334
13.45, 2.36, 0.01, 19.62, 32.00, 1.1334
13.67, 1.08, 0.01, 18.07, 51.00, 1.1362
13.46, 2.48, 0.01, 18.87, 34.00, 1.1362
13.67, 1.08, 0.01, 18.07, 51.00, 1.1390
13.45, 2.36, 0.01, 19.25, 33.00, 1.1390
13.67, 1.15, 0.01, 18.09, 52.00, 1.1417
13.45, 2.34, 0.01, 17.76, 32.00, 1.1417
13.67, 1.15, 0.01, 18.09, 52.00, 1.1445
13.46, 2.37, 0.01, 15.41, 32.00, 1.1445
13.67, 1.00, 0.01, 18.07, 51.00, 1.1473
13.48, 2.75, 0.01, 16.35, 36.00, 1.1473
13.66, 0.75, 0.01, 18.05, 48.00, 1.1501
13.49, 3.14, 0.01, 19.40, 42.00, 1.1501
13.66, 0.60, 0.01, 18.03, 45.00, 1.1529
13.49, 3.24, 0.01, 18.16, 44.00, 1.1529
13.66, 0.69, 0.01, 18.03, 45.00, 1.1556
13.51, 3.62, 0.01, 19.13, 50.00, 1.1556
13.68, 0.93, 0.01, 18.07, 48.00, 1.1584
13.51, 3.61, 0.01, 18.67, 50.00, 1.1584
13.68, 1.09, 0.01, 18.10, 51.00, 1.1612
13.51, 3.62, 0.01, 18.67, 50.00, 1.1612
13.69, 1.19, 0.02, 18.12, 52.00, 1.1640
13.51, 3.62, 0.02, 19.51, 50.00, 1.1640
13.69, 1.27, 0.02, 18.12, 53.00, 1.1667
13.51, 3.56, 0.02, 19.98, 50.00, 1.1667
13.69, 1.26, 0.02, 18.12, 54.00, 1.1695
13.51, 3.62, 0.02, 19.08, 50.00, 1.1695
13.69, 1.28, 0.02, 18.13, 54.00, 1.1723
13.51, 3.60, 0.02, 18.61, 50.00, 1.1723
13.69, 1.28, 0.02, 18.16, 54.00, 1.1751
13.51, 3.62, 0.02, 19.47, 50.00, 1.1751
13.69, 1.29, 0.02, 18.16, 54.00, 1.1779
13.51, 3.58, 0.02, 19.95, 50.00, 1.1779
13.69, 1.25, 0.02, 18.16, 54.00, 1.1806
13.51, 3.55, 0.02, 18.18, 49.00, 1.1806
13.69, 1.27, 0.02, 18.19, 54.00, 1.1834
13.51, 3.59, 0.02, 18.98, 49.00, 1.1834
13.69, 1.28, 0.02, 18.19, 54.00, 1.1862
13.51, 3.59, 0.02, 19.43, 49.00, 1.1862
13.68, -0.22, -0.00, 20.05, 34.00, 1.1890
13.51, 3.60, -0.00, 19.43, 49.00, 1.1890
13.68, -0.18, -0.00, 19.88, 34.00, 1.1917
13.51, 3.60, -0.00, 18.98, 50.00, 1.1917
13.68, -0.13, -0.00, 19.71, 34.00, 1.1945
13.51, 3.59, -0.00, 18.95, 49.00, 1.1945
13.68, -0.15, -0.00, 19.53, 34.00, 1.1973
13.51, 3.58, -0.00, 19.84, 49.00, 1.1973
13.70, -0.05, 0.00, 19.38, 35.00, 1.2001
13.51, 3.54, 0.00, 18.52, 49.00, 1.2001
13.70, 0.26, 0.00, 19.32, 38.00, 1.2029
13.51, 3.55, 0.00, 19.34, 49.00, 1.2029
13.72, 0.49, 0.01, 19.35, 42.00, 1.2056
13.51, 3.49, 0.01, 19.83, 48.00, 1.2056
13.72, 0.55, 0.01, 19.38, 43.00, 1.2084
13.51, 3.52, 0.01, 18.92, 48.00, 1.2084
13.72, 0.58, 0.01, 19.45, 44.00, 1.2112
13.51, 3.47, 0.01, 18.46, 48.00, 1.2112
13.72, 0.65, 0.01, 19.56, 45.00, 1.2140
13.51, 3.49, 0.01, 19.31, 48.00, 1.2140
13.72, 0.68, 0.01, 19.69, 46.00, 1.2167
13.51, 3.45, 0.01, 18.49, 48.00, 1.2167
13.74, 0.71, 0.01, 19.84, 46.00, 1.2195
13.40, 1.48, 0.01, 18.71, 20.00, 1.2195
13.75, 0.70, 0.01, 19.99, 46.00, 1.2223
13.40, 1.48, 0.01, 18.70, 20.00, 1.2223
13.74, 0.67, 0.01, 20.14, 46.00, 1.2251
13.40, 1.46, 0.01, 19.22, 20.00, 1.2251
13.74, 0.67, 0.01, 20.33, 46.00, 1.2279
13.40, 1.46, 0.01, 18.13, 20.00, 1.2279
13.74, 0.64, 0.01, 20.48, 45.00, 1.2306
13.40, 1.46, 0.01, 18.12, 20.00, 1.2306
13.73, 0.60, 0.01, 20.64, 44.00, 1.2334
13.40, 1.46, 0.01, 18.69, 20.00, 1.2334
13.74, 0.55, 0.01, 20.78, 44.00, 1.2362
13.40, 1.42, 0.01, 19.68, 20.00, 1.2362
13.72, 0.42, 0.01, 20.88, 43.00, 1.2390
13.40, 1.45, 0.01, 19.19, 20.00, 1.2390
13.72, 0.28, 0.00, 20.94, 41.00, 1.2418
13.40, 1.44, 0.00, 19.16, 20.00, 1.2418
13.72, 0.21, 0.00, 20.97, 40.00, 1.2445
13.40, 1.45, 0.00, 18.61, 20.00, 1.2445
13.50, -1.25, -0.02, 17.94, 20.00, 1.2473
13.40, 1.45, -0.02, 18.58, 20.00, 1.2473
13.51, -1.20, -0.02, 19.07, 20.00, 1.2501
13.40, 1.44, -0.02, 18.55, 19.00, 1.2501
13.51, -1.25, -0.02, 20.02, 20.00, 1.2529
13.40, 1.44, -0.02, 19.10, 20.00, 1.2529
13.51, -1.23, -0.02, 18.44, 20.00, 1.2556
13.40, 1.43, -0.02, 19.07, 19.00, 1.2556
13.50, -1.22, -0.02, 17.30, 20.00, 1.2584
13.40, 1.39, -0.02, 17.45, 19.00, 1.2584
13.49, -1.49, -0.02, 18.95, 20.00, 1.2612
13.40, 1.42, -0.02, 18.52, 19.00, 1.2612
13.47, -1.71, -0.02, 19.87, 20.00, 1.2640
13.40, 1.41, -0.02, 17.39, 19.00, 1.2640
13.49, -1.16, -0.01, 19.44, 20.00, 1.2667
13.40, 1.41, -0.01, 17.91, 19.00, 1.2667
13.49, -1.17, -0.01, 18.34, 20.00, 1.2695
13.40, 1.41, -0.01, 17.90, 19.00, 1.2695
13.49, -1.19, -0.02, 19.43, 20.00, 1.2723
13.40, 1.38, -0.02, 17.33, 19.00, 1.2723
13.49, -1.18, -0.01, 18.86, 20.00, 1.2751
13.40, 1.41, -0.01, 18.40, 19.00, 1.2751
13.49, -1.24, -0.02, 19.84, 20.00, 1.2779
13.36, 1.25, -0.02, 16.40, 17.00, 1.2779
13.49, -1.21, -0.02, 19.38, 20.00, 1.2806
13.38, 1.34, -0.02, 19.10, 18.00, 1.2806
13.49, -1.20, -0.02, 18.28, 20.00, 1.2834
13.38, 1.28, -0.02, 20.19, 18.00, 1.2834
13.49, -1.19, -0.02, 19.36, 20.00, 1.2862
13.37, 0.83, -0.02, 21.72, 14.00, 1.2862
13.49, -1.17, -0.01, 18.80, 20.00, 1.2890
13.36, 1.08, -0.01, 20.96, 13.00, 1.2890
13.49, -1.19, -0.02, 19.75, 20.00, 1.2917
13.38, 1.32, -0.02, 19.71, 17.00, 1.2917
13.49, -1.21, -0.02, 17.05, 19.00, 1.2945
13.38, 1.34, -0.02, 18.69, 18.00, 1.2945
13.49, -1.16, -0.01, 19.26, 20.00, 1.2973
13.36, 1.34, -0.01, 18.21, 18.00, 1.2973
13.49, -1.20, -0.02, 18.67, 20.00, 1.3001
13.36, 1.31, -0.02, 17.48, 18.00, 1.3001
13.43, -1.29, -0.02, 18.28, 19.00, 1.3029
13.38, 1.35, -0.02, 18.46, 18.00, 1.3029
13.43, -1.29, -0.02, 17.73, 20.00, 1.3056
13.37, 1.34, -0.02, 19.52, 18.00, 1.3056
13.43, -1.25, -0.02, 18.86, 20.00, 1.3084
13.38, 1.34, -0.02, 18.70, 18.00, 1.3084
13.43, -1.31, -0.02, 20.39, 19.00, 1.3112
13.37, 1.31, -0.02, 17.70, 18.00, 1.3112
13.43, -1.27, -0.02, 20.37, 19.00, 1.3140
13.37, 1.33, -0.02, 18.24, 18.00, 1.3140
13.43, -1.24, -0.02, 19.84, 19.00, 1.3168
13.38, 1.34, -0.02, 19.22, 18.00, 1.3168
13.43, -1.23, -0.02, 18.80, 20.00, 1.3195
13.36, 1.34, -0.02, 18.92, 18.00, 1.3195
13.43, -1.24, -0.02, 19.81, 19.00, 1.3223
13.38, 1.34, -0.02, 18.46, 18.00, 1.3223
13.43, -1.23, -0.02, 19.26, 20.00, 1.3251
13.38, 1.32, -0.02, 19.65, 18.00, 1.3251
13.43, -1.34, -0.02, 20.30, 19.00, 1.3279
13.36, 1.34, -0.02, 19.31, 18.00, 1.3279
13.43, -1.26, -0.02, 18.70, 19.00, 1.3306
13.38, 1.34, -0.02, 18.55, 18.00, 1.3306
13.43, -1.26, -0.02, 18.70, 19.00, 1.3334
13.38, 1.34, -0.02, 19.46, 18.00, 1.3334
13.43, -1.28, -0.02, 19.73, 20.00, 1.3362
13.36, 1.33, -0.02, 18.49, 18.00, 1.3362
13.43, -1.27, -0.02, 18.13, 19.00, 1.3390
13.36, 1.34, -0.02, 18.43, 18.00, 1.3390
13.41, -1.24, -0.02, 18.11, 20.00, 1.3417
13.36, 1.32, -0.02, 17.91, 18.00, 1.3417
13.43, -1.24, -0.02, 19.72, 19.00, 1.3445
13.36, 1.32, -0.02, 17.91, 18.00, 1.3445
13.43, -1.23, -0.02, 19.69, 20.00, 1.3473
13.36, 1.34, -0.02, 18.40, 18.00, 1.3473
13.42, -1.27, -0.02, 20.21, 19.00, 1.3501
13.36, 1.34, -0.02, 18.40, 18.00, 1.3501
13.43, -1.23, -0.02, 19.20, 20.00, 1.3529
13.36, 1.34, -0.02, 18.39, 18.00, 1.3529
13.41, -1.33, -0.02, 20.18, 19.00, 1.3556
13.36, 1.35, -0.02, 18.86, 18.00, 1.3556
13.42, -1.26, -0.02, 18.58, 19.00, 1.3584
13.36, 1.35, -0.02, 18.85, 18.00, 1.3584
13.39, -1.29, -0.02, 18.75, 19.00, 1.3612
13.36, 1.35, -0.02, 19.31, 18.00, 1.3612
13.39, -1.30, -0.02, 18.19, 20.00, 1.3640
13.36, 1.35, -0.02, 19.28, 18.00, 1.3640
13.39, -1.31, -0.02, 18.19, 20.00, 1.3667
13.36, 1.33, -0.02, 19.80, 18.00, 1.3667
13.39, -1.31, -0.02, 18.71, 20.00, 1.3695
13.36, 1.34, -0.02, 19.77, 18.00, 1.3695
13.39, -1.25, -0.02, 18.71, 20.00, 1.3723
13.36, 1.35, -0.02, 18.72, 18.00, 1.3723
13.39, -1.28, -0.02, 18.13, 20.00, 1.3751
13.36, 1.34, -0.02, 18.24, 18.00, 1.3751
13.39, -1.26, -0.02, 19.26, 20.00, 1.3779
13.36, 1.35, -0.02, 19.22, 18.00, 1.3779
13.39, -1.28, -0.02, 18.10, 19.00, 1.3806
13.36, 1.34, -0.02, 19.71, 18.00, 1.3806
13.39, -1.27, -0.02, 18.67, 20.00, 1.3834
13.36, 1.34, -0.02, 19.71, 18.00, 1.3834
13.39, -1.33, -0.02, 19.74, 19.00, 1.3862
13.36, 1.34, -0.02, 18.15, 18.00, 1.3862
13.39, -1.28, -0.02, 19.23, 20.00, 1.3890
13.36, 1.34, -0.02, 18.15, 18.00, 1.3890
13.39, -1.31, -0.02, 18.10, 20.00, 1.3918
13.36, 1.36, -0.02, 19.14, 18.00, 1.3918
13.39, -1.28, -0.02, 18.67, 20.00, 1.3945
13.38, 1.76, -0.02, 19.25, 24.00, 1.3945
13.39, -1.30, -0.02, 18.64, 20.00, 1.3973
13.38, 1.73, -0.02, 20.56, 24.00, 1.3973
13.39, -1.32, -0.02, 19.69, 19.00, 1.4001
13.38, 1.78, -0.02, 19.89, 24.00, 1.4001
13.39, -1.29, -0.02, 19.17, 19.00, 1.4029
13.38, 1.72, -0.02, 18.61, 24.00, 1.4029
13.37, -1.31, -0.02, 18.00, 19.00, 1.4056
13.38, 1.59, -0.02, 20.35, 22.00, 1.4056
13.39, -1.31, -0.02, 18.58, 20.00, 1.4084
13.38, 1.55, -0.02, 19.16, 21.00, 1.4084
13.39, -1.31, -0.02, 17.45, 19.00, 1.4112
13.38, 1.49, -0.02, 19.65, 21.00, 1.4112
13.38, -1.34, -0.02, 19.12, 20.00, 1.4140
13.38, 1.51, -0.02, 19.67, 20.00, 1.4140
13.34, -1.60, -0.02, 18.58, 15.00, 1.4168
13.38, 1.55, -0.02, 19.73, 21.00, 1.4168
13.34, -1.58, -0.02, 19.13, 16.00, 1.4195
13.38, 1.52, -0.02, 20.23, 21.00, 1.4195
13.34, -1.63, -0.02, 18.12, 15.00, 1.4223
13.38, 1.51, -0.02, 19.10, 21.00, 1.4223
13.34, -1.63, -0.02, 17.64, 15.00, 1.4251
13.38, 1.46, -0.02, 18.49, 20.00, 1.4251
13.33, -1.61, -0.02, 19.77, 15.00, 1.4279
13.36, 1.42, -0.02, 18.46, 20.00, 1.4279
13.33, -1.59, -0.02, 18.54, 15.00, 1.4306
13.36, 1.37, -0.02, 19.40, 19.00, 1.4306
13.34, -1.60, -0.02, 18.07, 15.00, 1.4334
13.36, 1.35, -0.02, 18.89, 18.00, 1.4334
13.32, -1.66, -0.02, 20.38, 15.00, 1.4362
13.36, 1.34, -0.02, 18.83, 18.00, 1.4362
13.33, -1.59, -0.02, 18.52, 15.00, 1.4390
13.36, 1.31, -0.02, 18.34, 18.00, 1.4390
13.32, -1.68, -0.02, 17.61, 15.00, 1.4418
13.36, 1.31, -0.02, 18.31, 18.00, 1.4418
13.32, -1.60, -0.02, 19.07, 15.00, 1.4445
13.36, 1.31, -0.02, 18.76, 18.00, 1.4445
13.34, -1.61, -0.02, 19.01, 15.00, 1.4473
13.36, 1.28, -0.02, 19.83, 18.00, 1.4473
13.32, -1.62, -0.02, 17.94, 15.00, 1.4501
13.36, 1.26, -0.02, 17.73, 17.00, 1.4501
13.32, -1.61, -0.02, 18.40, 15.00, 1.4529
13.34, 1.01, -0.02, 19.86, 14.00, 1.4529
13.32, -1.63, -0.02, 19.61, 15.00, 1.4556
13.34, 1.04, -0.02, 18.03, 14.00, 1.4556
13.32, -1.64, -0.02, 18.94, 15.00, 1.4584
13.34, 1.04, -0.02, 18.21, 14.00, 1.4584
13.32, -1.63, -0.02, 17.91, 15.00, 1.4612
13.34, 1.03, -0.02, 19.65, 14.00, 1.4612
13.32, -1.61, -0.02, 18.37, 15.00, 1.4640
13.34, 1.03, -0.02, 18.00, 14.00, 1.4640
13.32, -1.61, -0.02, 18.35, 15.00, 1.4667
13.34, 1.04, -0.02, 18.40, 14.00, 1.4667
13.28, -1.68, -0.02, 19.84, 15.00, 1.4695
13.34, 1.03, -0.02, 19.60, 14.00, 1.4695
13.28, -1.70, -0.02, 19.33, 15.00, 1.4723
13.34, 1.03, -0.02, 17.74, 14.00, 1.4723
13.28, -1.67, -0.02, 18.83, 15.00, 1.4751
13.34, 1.00, -0.02, 17.01, 14.00, 1.4751
13.28, -1.70, -0.02, 17.60, 15.00, 1.4779
13.34, 1.04, -0.02, 18.34, 14.00, 1.4779
13.28, -1.70, -0.02, 18.65, 15.00, 1.4806
13.34, 1.04, -0.02, 19.33, 14.00, 1.4806
13.28, -1.76, -0.02, 19.32, 15.00, 1.4834
13.34, 1.03, -0.02, 17.67, 14.00, 1.4834
13.28, -1.73, -0.02, 19.81, 15.00, 1.4862
13.34, 1.00, -0.02, 16.94, 14.00, 1.4862
13.28, -1.75, -0.02, 19.47, 15.00, 1.4890
13.34, 1.04, -0.02, 18.28, 14.00, 1.4890
13.28, -1.70, -0.02, 19.23, 15.00, 1.4917
13.34, 1.04, -0.02, 19.28, 14.00, 1.4917
13.28, -1.69, -0.02, 18.19, 15.00, 1.4945
13.34, 1.03, -0.02, 17.42, 14.00, 1.4945
13.28, -1.68, -0.02, 18.52, 15.00, 1.4973
13.34, 1.04, -0.02, 18.98, 14.00, 1.4973
13.28, -1.67, -0.02, 19.31, 15.00, 1.5001
13.34, 1.04, -0.02, 19.01, 14.00, 1.5001
13.28, -1.77, -0.02, 19.68, 15.00, 1.5029
13.34, 1.01, -0.02, 17.33, 14.00, 1.5029
13.28, -1.75, -0.02, 19.47, 15.00, 1.5056
13.34, 1.04, -0.02, 19.22, 14.00, 1.5056
13.28, -1.67, -0.02, 19.23, 15.00, 1.5084
13.34, 1.04, -0.02, 18.95, 14.00, 1.5084
13.28, -1.68, -0.02, 18.03, 15.00, 1.5112
13.34, 0.98, -0.02, 18.58, 13.00, 1.5112
13.28, -1.80, -0.02, 17.30, 14.00, 1.5140
13.34, 0.98, -0.02, 18.03, 13.00, 1.5140
13.28, -1.74, -0.02, 17.38, 14.00, 1.5168
13.34, 0.96, -0.02, 17.09, 13.00, 1.5168
13.28, -1.74, -0.02, 17.27, 14.00, 1.5195
13.34, 0.92, -0.02, 20.49, 13.00, 1.5195
13.28, -1.71, -0.02, 17.30, 14.00, 1.5223
13.34, 0.97, -0.02, 17.48, 13.00, 1.5223
13.28, -1.81, -0.02, 17.67, 14.00, 1.5251
13.34, 0.97, -0.02, 17.50, 13.00, 1.5251
13.28, -1.59, -0.02, 19.66, 15.00, 1.5279
13.34, 1.00, -0.02, 19.13, 13.00, 1.5279
13.28, -1.60, -0.02, 19.14, 15.00, 1.5306
13.34, 0.96, -0.02, 17.03, 13.00, 1.5306
13.28, -1.57, -0.02, 19.13, 15.00, 1.5334
13.34, 0.97, -0.02, 19.74, 13.00, 1.5334
13.28, -1.58, -0.02, 20.08, 15.00, 1.5362
13.34, 0.97, -0.02, 17.42, 13.00, 1.5362
13.28, -1.55, -0.02, 18.67, 15.00, 1.5390
13.34, 0.97, -0.02, 17.44, 13.00, 1.5390
13.28, -1.56, -0.02, 19.26, 15.00, 1.5417
13.34, 0.98, -0.02, 19.04, 13.00, 1.5417
13.28, -1.55, -0.02, 19.29, 15.00, 1.5445
13.35, 0.95, -0.02, 17.02, 13.00, 1.5445
13.28, -1.57, -0.02, 18.03, 15.00, 1.5473
13.34, 0.98, -0.02, 19.68, 13.00, 1.5473
13.28, -1.55, -0.02, 19.59, 15.00, 1.5501
13.35, 0.94, -0.02, 16.57, 13.00, 1.5501
13.28, -1.56, -0.02, 19.26, 15.00, 1.5529
13.35, 0.94, -0.02, 20.32, 13.00, 1.5529
13.28, -1.56, -0.02, 18.61, 15.00, 1.5556
13.34, 0.99, -0.02, 18.98, 13.00, 1.5556
13.28, -1.60, -0.02, 20.02, 15.00, 1.5584
13.34, 0.97, -0.02, 17.84, 13.00, 1.5584
13.28, -1.59, -0.02, 19.02, 15.00, 1.5612
13.34, 0.98, -0.02, 18.40, 13.00, 1.5612
13.28, -1.59, -0.02, 19.23, 15.00, 1.5640
13.34, 0.98, -0.02, 19.62, 13.00, 1.5640
13.28, -1.55, -0.02, 19.53, 15.00, 1.5667
13.34, 0.99, -0.02, 18.98, 13.00, 1.5667
13.28, -1.57, -0.02, 17.94, 15.00, 1.5695
13.34, 0.97, -0.02, 17.82, 13.00, 1.5695
13.28, -1.58, -0.02, 19.96, 14.00, 1.5723
13.34, 0.98, -0.02, 18.94, 13.00, 1.5723
13.28, -1.55, -0.02, 18.98, 15.00, 1.5751
13.35, 0.95, -0.02, 17.42, 13.00, 1.5751
13.28, -1.55, -0.02, 19.23, 15.00, 1.5779
13.35, 0.94, -0.02, 17.91, 13.00, 1.5779
13.28, -1.56, -0.02, 19.47, 15.00, 1.5806
13.34, 0.96, -0.02, 19.03, 13.00, 1.5806
13.26, -1.66, -0.02, 19.01, 14.00, 1.5834
13.35, 0.94, -0.02, 19.68, 13.00, 1.5834
13.26, -1.62, -0.02, 18.94, 14.00, 1.5862
13.34, 0.96, -0.02, 18.43, 13.00, 1.5862
13.26, -1.64, -0.02, 18.92, 14.00, 1.5890
13.35, 0.94, -0.02, 17.88, 13.00, 1.5890
13.26, -1.66, -0.02, 18.98, 14.00, 1.5918
13.33, 0.96, -0.02, 19.01, 13.00, 1.5918
13.26, -1.61, -0.02, 18.98, 14.00, 1.5945
13.35, 0.96, -0.02, 19.02, 13.00, 1.5945
13.26, -1.61, -0.02, 18.99, 14.00, 1.5973
13.34, 0.96, -0.02, 18.40, 13.00, 1.5973
13.26, -1.62, -0.02, 18.22, 14.00, 1.6001
13.34, 0.96, -0.02, 18.36, 13.00, 1.6001
13.26, -1.61, -0.02, 19.26, 14.00, 1.6029
13.34, 0.96, -0.02, 18.97, 13.00, 1.6029
13.26, -1.63, -0.02, 17.64, 14.00, 1.6056
13.34, 0.96, -0.02, 18.97, 13.00, 1.6056
13.26, -1.69, -0.02, 20.48, 14.00, 1.6084
13.35, 0.95, -0.02, 18.37, 13.00, 1.6084
13.26, -1.65, -0.02, 18.19, 14.00, 1.6112
13.35, 0.94, -0.02, 19.56, 13.00, 1.6112
13.26, -1.66, -0.02, 19.20, 14.00, 1.6140
13.34, 0.96, -0.02, 18.37, 13.00, 1.6140
13.26, -1.64, -0.02, 18.89, 14.00, 1.6167
13.35, 0.94, -0.02, 17.79, 13.00, 1.6167
13.26, -1.64, -0.02, 18.65, 14.00, 1.6195
13.34, 0.96, -0.02, 17.81, 13.00, 1.6195
13.26, -1.66, -0.02, 18.93, 14.00, 1.6223
13.34, 0.96, -0.02, 18.28, 13.00, 1.6223
13.26, -1.68, -0.02, 18.12, 14.00, 1.6251
13.34, 0.96, -0.02, 18.27, 13.00, 1.6251
13.26, -1.66, -0.02, 19.99, 14.00, 1.6279
13.34, 0.96, -0.02, 18.86, 13.00, 1.6279
13.26, -1.66, -0.02, 17.55, 14.00, 1.6306
13.34, 0.97, -0.02, 18.85, 13.00, 1.6306
13.26, -1.65, -0.02, 19.50, 14.00, 1.6334
13.35, 0.94, -0.02, 18.67, 13.00, 1.6334
13.26, -1.64, -0.02, 18.63, 14.00, 1.6362
13.33, 0.87, -0.02, 16.32, 12.00, 1.6362
13.26, -1.64, -0.02, 19.14, 14.00, 1.6390
13.35, 0.93, -0.02, 18.27, 13.00, 1.6390
13.24, -1.71, -0.02, 18.77, 14.00, 1.6417
13.34, 0.93, -0.02, 18.27, 13.00, 1.6417
13.24, -1.72, -0.02, 18.09, 14.00, 1.6445
13.35, 0.93, -0.02, 19.43, 13.00, 1.6445
13.24, -1.71, -0.02, 18.80, 14.00, 1.6473
13.35, 0.92, -0.02, 17.88, 13.00, 1.6473
13.24, -1.71, -0.02, 19.53, 14.00, 1.6501
13.35, 0.94, -0.02, 18.57, 13.00, 1.6501
13.24, -1.70, -0.02, 19.25, 14.00, 1.6529
13.35, 0.94, -0.02, 18.95, 13.00, 1.6529
13.24, -1.74, -0.02, 18.75, 14.00, 1.6556
13.35, 0.94, -0.02, 18.13, 13.00, 1.6556
13.24, -1.74, -0.02, 17.94, 14.00, 1.6584
13.35, 0.93, -0.02, 19.34, 13.00, 1.6584
13.24, -1.71, -0.02, 18.77, 14.00, 1.6612
13.34, 0.91, -0.02, 17.70, 13.00, 1.6612
13.24, -1.72, -0.02, 19.50, 14.00, 1.6640
13.35, 0.91, -0.02, 19.35, 12.00, 1.6640
13.24, -1.76, -0.02, 19.23, 14.00, 1.6668
13.35, 0.94, -0.02, 18.87, 13.00, 1.6668
13.24, -1.68, -0.02, 18.74, 14.00, 1.6695
13.35, 0.91, -0.02, 17.33, 13.00, 1.6695
13.24, -1.72, -0.02, 17.42, 13.00, 1.6723
13.35, 0.93, -0.02, 19.31, 13.00, 1.6723
13.24, -1.70, -0.02, 18.19, 13.00, 1.6751
13.35, 0.94, -0.02, 18.43, 13.00, 1.6751
13.24, -1.70, -0.02, 18.80, 14.00, 1.6779
13.35, 0.94, -0.02, 18.85, 13.00, 1.6779
13.24, -1.72, -0.02, 19.78, 14.00, 1.6806
13.35, 0.89, -0.02, 16.63, 12.00, 1.6806
13.24, -1.70, -0.02, 18.86, 14.00, 1.6834
13.35, 0.93, -0.02, 17.54, 13.00, 1.6834
13.24, -1.76, -0.02, 18.09, 14.00, 1.6862
13.35, 0.89, -0.02, 20.32, 13.00, 1.6862
13.24, -1.74, -0.02, 18.77, 14.00, 1.6890
13.33, 0.77, -0.02, 18.34, 10.00, 1.6890
13.24, -1.74, -0.02, 19.78, 14.00, 1.6917
13.33, 0.77, -0.02, 19.34, 11.00, 1.6917
13.24, -1.77, -0.02, 18.77, 14.00, 1.6945
13.33, 0.79, -0.02, 18.88, 10.00, 1.6945
13.24, -1.72, -0.02, 18.61, 14.00, 1.6973
13.33, 0.76, -0.02, 19.86, 10.00, 1.6973
13.22, -1.83, -0.02, 19.50, 10.00, 1.7001
13.33, 0.77, -0.02, 18.30, 10.00, 1.7001
13.22, -1.83, -0.02, 18.00, 10.00, 1.7029
13.33, 0.77, -0.02, 19.21, 10.00, 1.7029
13.22, -1.84, -0.02, 19.38, 10.00, 1.7056
13.33, 0.76, -0.02, 18.15, 10.00, 1.7056
13.22, -1.83, -0.02, 19.13, 10.00, 1.7084
13.33, 0.76, -0.02, 19.27, 10.00, 1.7084
13.22, -1.82, -0.02, 18.43, 10.00, 1.7112
13.33, 0.77, -0.02, 18.79, 10.00, 1.7112
13.22, -1.85, -0.02, 19.87, 10.00, 1.7140
13.33, 0.76, -0.02, 19.28, 10.00, 1.7140
13.22, -1.83, -0.02, 17.88, 10.00, 1.7167
13.33, 0.73, -0.02, 16.69, 10.00, 1.7167
13.22, -1.86, -0.02, 19.32, 10.00, 1.7195
13.33, 0.72, -0.02, 15.87, 10.00, 1.7195
13.22, -1.84, -0.02, 18.36, 10.00, 1.7223
13.33, 0.72, -0.02, 15.87, 10.00, 1.7223
13.22, -1.91, -0.03, 19.41, 10.00, 1.7251
13.33, 0.71, -0.03, 15.87, 10.00, 1.7251
13.22, -1.88, -0.02, 17.74, 10.00, 1.7279
13.33, 0.72, -0.02, 15.84, 10.00, 1.7279
13.22, -1.88, -0.02, 19.84, 10.00, 1.7306
13.33, 0.66, -0.02, 14.49, 9.00, 1.7306
13.22, -1.86, -0.02, 17.12, 10.00, 1.7334
13.33, 0.70, -0.02, 15.81, 9.00, 1.7334
13.22, -1.87, -0.02, 19.10, 10.00, 1.7362
13.33, 0.75, -0.02, 17.24, 10.00, 1.7362
13.22, -1.87, -0.02, 18.36, 10.00, 1.7390
13.33, 0.73, -0.02, 20.01, 10.00, 1.7390
13.22, -1.93, -0.03, 15.92, 10.00, 1.7417
13.33, 0.74, -0.03, 16.99, 10.00, 1.7417
13.22, -1.89, -0.02, 17.48, 10.00, 1.7445
13.33, 0.70, -0.02, 15.81, 10.00, 1.7445
13.22, -1.94, -0.03, 20.57, 10.00, 1.7473
13.33, 0.70, -0.03, 15.87, 9.00, 1.7473
13.22, -1.88, -0.02, 17.05, 10.00, 1.7501
13.33, 0.73, -0.02, 16.72, 10.00, 1.7501
13.22, -1.94, -0.03, 19.26, 10.00, 1.7529
13.33, 0.76, -0.03, 19.13, 10.00, 1.7529
13.22, -1.87, -0.02, 18.70, 10.00, 1.7556
13.33, 0.74, -0.02, 17.51, 10.00, 1.7556
13.20, -2.07, -0.03, 15.65, 8.00, 1.7584
13.31, 0.52, -0.03, 19.25, 7.00, 1.7584
13.20, -2.05, -0.03, 17.27, 8.00, 1.7612
13.31, 0.52, -0.03, 16.41, 7.00, 1.7612
13.20, -2.01, -0.03, 18.48, 8.00, 1.7640
13.31, 0.51, -0.03, 15.58, 7.00, 1.7640
13.20, -2.01, -0.03, 18.22, 8.00, 1.7667
13.31, 0.51, -0.03, 15.77, 7.00, 1.7667
13.20, -2.03, -0.03, 18.02, 8.00, 1.7695
13.31, 0.53, -0.03, 16.69, 7.00, 1.7695
13.20, -2.06, -0.03, 19.96, 8.00, 1.7723
13.31, 0.52, -0.03, 19.80, 7.00, 1.7723
13.20, -2.04, -0.03, 17.27, 8.00, 1.7751
13.31, 0.52, -0.03, 16.44, 7.00, 1.7751
13.20, -2.03, -0.03, 19.16, 8.00, 1.7779
13.31, 0.51, -0.03, 15.57, 7.00, 1.7779
13.20, -2.06, -0.03, 16.66, 8.00, 1.7806
13.31, 0.49, -0.03, 15.74, 7.00, 1.7806
13.20, -2.17, -0.03, 15.46, 8.00, 1.7834
13.31, 0.52, -0.03, 16.45, 7.00, 1.7834
13.20, -2.07, -0.03, 16.81, 8.00, 1.7862
13.32, 0.55, -0.03, 17.57, 7.00, 1.7862
13.20, -2.07, -0.03, 19.94, 8.00, 1.7890
13.31, 0.55, -0.03, 17.59, 7.00, 1.7890
13.20, -2.03, -0.03, 18.00, 8.00, 1.7917
13.32, 0.55, -0.03, 17.76, 7.00, 1.7917
13.20, -2.04, -0.03, 19.11, 8.00, 1.7945
13.31, 0.52, -0.03, 16.48, 7.00, 1.7945
13.20, -2.03, -0.03, 17.24, 8.00, 1.7973
13.31, 0.50, -0.03, 15.11, 7.00, 1.7973
13.20, -2.06, -0.03, 15.63, 8.00, 1.8001
13.31, 0.49, -0.03, 15.69, 7.00, 1.8001
13.20, -2.05, -0.03, 15.31, 8.00, 1.8029
13.31, 0.52, -0.03, 16.35, 7.00, 1.8029
13.20, -2.05, -0.03, 16.23, 8.00, 1.8056
13.31, 0.55, -0.03, 17.60, 7.00, 1.8056
13.20, -2.01, -0.03, 18.28, 8.00, 1.8084
13.31, 0.55, -0.03, 17.79, 7.00, 1.8084
13.20, -2.02, -0.03, 18.43, 8.00, 1.8112
13.31, 0.52, -0.03, 16.48, 7.00, 1.8112
13.20, -2.03, -0.03, 18.28, 8.00, 1.8140
13.31, 0.50, -0.03, 15.23, 7.00, 1.8140
13.22, -1.56, -0.02, 17.84, 15.00, 1.8168
13.34, 0.96, -0.02, 19.89, 13.00, 1.8168
13.22, -1.52, -0.02, 19.59, 15.00, 1.8195
13.34, 0.97, -0.02, 18.65, 13.00, 1.8195
13.22, -1.56, -0.02, 18.03, 15.00, 1.8223
13.32, 0.96, -0.02, 17.82, 13.00, 1.8223
13.22, -1.55, -0.02, 17.64, 15.00, 1.8251
13.32, 0.98, -0.02, 19.04, 13.00, 1.8251
13.22, -1.61, -0.02, 16.52, 14.00, 1.8279
13.34, 0.94, -0.02, 20.29, 13.00, 1.8279
13.22, -1.55, -0.02, 17.64, 15.00, 1.8306
13.34, 0.98, -0.02, 18.89, 13.00, 1.8306
13.22, -1.54, -0.02, 18.03, 15.00, 1.8334
13.33, 0.96, -0.02, 17.46, 13.00, 1.8334
13.22, -1.51, -0.02, 19.81, 15.00, 1.8362
13.34, 0.98, -0.02, 18.61, 13.00, 1.8362
13.22, -1.53, -0.02, 20.10, 15.00, 1.8390
13.34, 0.98, -0.02, 19.71, 13.00, 1.8390
13.22, -1.51, -0.02, 19.41, 16.00, 1.8417
13.34, 0.98, -0.02, 19.90, 13.00, 1.8417
13.22, -1.57, -0.02, 17.64, 15.00, 1.8445
13.34, 0.99, -0.02, 18.70, 14.00, 1.8445
13.22, -1.58, -0.02, 17.48, 15.00, 1.8473
13.33, 0.98, -0.02, 19.89, 13.00, 1.8473
13.22, -1.54, -0.02, 17.70, 15.00, 1.8501
13.34, 1.00, -0.02, 19.68, 13.00, 1.8501
13.22, -1.53, -0.02, 18.21, 15.00, 1.8529
13.34, 1.00, -0.02, 18.61, 14.00, 1.8529
13.22, -1.51, -0.02, 19.88, 16.00, 1.8556
13.32, 1.01, -0.02, 18.89, 14.00, 1.8556
13.22, -1.50, -0.02, 19.90, 16.00, 1.8584
13.34, 1.00, -0.02, 19.50, 14.00, 1.8584
13.22, -1.51, -0.02, 18.43, 16.00, 1.8612
13.34, 1.00, -0.02, 18.61, 14.00, 1.8612
13.24, -1.50, -0.02, 19.59, 16.00, 1.8640
13.34, 1.01, -0.02, 18.98, 14.00, 1.8640
13.22, -1.54, -0.02, 20.33, 16.00, 1.8668
13.34, 1.01, -0.02, 19.13, 14.00, 1.8668
13.22, -1.51, -0.02, 19.29, 16.00, 1.8695
13.34, 0.98, -0.02, 17.66, 14.00, 1.8695
13.22, -1.49, -0.02, 18.55, 16.00, 1.8723
13.34, 1.07, -0.02, 19.22, 14.00, 1.8723
13.22, -1.51, -0.02, 20.24, 16.00, 1.8751
13.34, 1.06, -0.02, 19.50, 14.00, 1.8751
13.22, -1.47, -0.02, 19.15, 16.00, 1.8779
13.34, 1.07, -0.02, 19.01, 15.00, 1.8779
13.22, -1.46, -0.02, 19.20, 16.00, 1.8806
13.34, 1.05, -0.02, 19.86, 14.00, 1.8806
13.22, -1.45, -0.02, 19.74, 16.00, 1.8834
13.34, 1.07, -0.02, 18.43, 14.00, 1.8834
13.22, -1.44, -0.02, 19.78, 16.00, 1.8862
13.34, 1.07, -0.02, 19.52, 14.00, 1.8862
13.22, -1.46, -0.02, 20.03, 16.00, 1.8890
13.34, 1.07, -0.02, 19.22, 14.00, 1.8890
13.22, -1.43, -0.02, 19.13, 16.00, 1.8917
13.34, 1.07, -0.02, 19.31, 15.00, 1.8917
13.22, -1.48, -0.02, 17.30, 16.00, 1.8945
13.34, 1.07, -0.02, 18.94, 14.00, 1.8945
13.22, -1.51, -0.02, 18.46, 16.00, 1.8973
13.34, 1.08, -0.02, 19.28, 15.00, 1.8973
13.22, -1.47, -0.02, 20.13, 16.00, 1.9001
13.34, 1.07, -0.02, 19.50, 15.00, 1.9001
13.22, -1.46, -0.02, 19.07, 16.00, 1.9029
13.34, 1.08, -0.02, 18.98, 15.00, 1.9029
13.22, -1.48, -0.02, 17.97, 16.00, 1.9056
13.34, 1.08, -0.02, 19.34, 15.00, 1.9056
13.22, -1.52, -0.02, 17.94, 16.00, 1.9084
13.34, 1.08, -0.02, 18.95, 15.00, 1.9084
13.22, -1.51, -0.02, 20.73, 16.00, 1.9112
13.34, 1.08, -0.02, 19.49, 15.00, 1.9112
13.22, -1.44, -0.02, 18.03, 16.00, 1.9140
13.34, 1.08, -0.02, 18.37, 15.00, 1.9140
13.22, -1.45, -0.02, 20.27, 16.00, 1.9167
13.34, 1.08, -0.02, 19.37, 15.00, 1.9167
13.22, -1.42, -0.02, 19.01, 16.00, 1.9195
13.34, 1.08, -0.02, 18.88, 15.00, 1.9195
13.22, -1.41, -0.02, 19.66, 16.00, 1.9223
13.34, 1.08, -0.02, 19.47, 15.00, 1.9223
13.22, -1.48, -0.02, 19.69, 16.00, 1.9251
13.34, 1.08, -0.02, 18.28, 15.00, 1.9251
13.22, -1.46, -0.02, 18.07, 16.00, 1.9279
13.34, 1.06, -0.02, 20.18, 15.00, 1.9279
13.29, -0.03, 0.00, 20.54, 35.00, 1.9306
13.34, 1.08, 0.00, 18.86, 15.00, 1.9306
13.30, 0.01, 0.00, 20.53, 36.00, 1.9334
13.34, 1.10, 0.00, 18.86, 15.00, 1.9334
13.30, 0.13, 0.00, 20.02, 37.00, 1.9362
13.34, 1.10, 0.00, 19.52, 15.00, 1.9362
13.30, 0.21, 0.00, 20.02, 38.00, 1.9390
13.34, 1.10, 0.00, 19.52, 15.00, 1.9390
13.30, 0.20, 0.00, 20.48, 39.00, 1.9418
13.43, 2.65, 0.00, 17.91, 37.00, 1.9418
13.30, 0.10, 0.00, 20.45, 38.00, 1.9445
13.41, 2.25, 0.00, 15.75, 32.00, 1.9445
13.30, 0.06, 0.00, 19.96, 37.00, 1.9473
13.39, 2.12, 0.00, 15.20, 29.00, 1.9473
13.30, 0.02, 0.00, 19.96, 36.00, 1.9501
13.41, 2.39, 0.00, 18.07, 32.00, 1.9501
13.30, 0.03, 0.00, 19.04, 36.00, 1.9529
13.41, 2.44, 0.00, 20.59, 34.00, 1.9529
13.28, -0.04, 0.00, 19.44, 36.00, 1.9556
13.39, 1.93, 0.00, 22.06, 29.00, 1.9556
13.30, -0.02, 0.00, 20.42, 36.00, 1.9584
13.40, 1.84, 0.00, 22.21, 25.00, 1.9584
13.30, 0.06, 0.00, 19.91, 37.00, 1.9612
13.38, 1.50, 0.00, 22.60, 22.00, 1.9612
13.30, 0.09, 0.00, 19.93, 37.00, 1.9640
13.38, 1.44, 0.00, 22.64, 20.00, 1.9640
13.30, 0.04, 0.00, 19.41, 37.00, 1.9667
13.38, 1.45, 0.00, 22.67, 20.00, 1.9667
13.30, 0.12, 0.00, 19.41, 37.00, 1.9695
13.40, 1.80, 0.00, 22.42, 22.00, 1.9695
13.30, 0.12, 0.00, 19.41, 37.00, 1.9723
13.40, 1.86, 0.00, 22.39, 25.00, 1.9723
13.30, 0.12, 0.00, 19.84, 37.00, 1.9751
13.41, 2.36, 0.00, 21.51, 30.00, 1.9751
13.30, 0.10, 0.00, 19.84, 37.00, 1.9779
13.43, 2.63, 0.00, 19.84, 35.00, 1.9779
13.30, 0.06, 0.00, 19.38, 37.00, 1.9806
13.43, 2.63, 0.00, 18.46, 36.00, 1.9806
13.30, -0.05, 0.00, 19.38, 36.00, 1.9834
13.41, 2.52, 0.00, 16.66, 35.00, 1.9834
13.30, -0.03, 0.00, 18.89, 36.00, 1.9862
13.41, 2.39, 0.00, 15.04, 33.00, 1.9862
13.26, -0.71, -0.01, 19.87, 27.00, 1.9890
13.43, 2.65, -0.01, 16.29, 35.00, 1.9890
13.26, -0.75, -0.01, 20.47, 27.00, 1.9917
13.44, 3.03, -0.01, 19.59, 40.00, 1.9917
13.26, -0.75, -0.01, 20.48, 27.00, 1.9945
13.43, 2.68, -0.01, 21.37, 38.00, 1.9945
13.26, -0.74, -0.01, 20.48, 28.00, 1.9973
13.40, 1.87, -0.01, 22.45, 27.00, 1.9973
13.26, -0.64, -0.01, 19.87, 28.00, 2.0001
13.40, 1.66, -0.01, 18.73, 23.00, 2.0001
13.28, -0.59, -0.01, 18.64, 29.00, 2.0029
13.40, 1.68, -0.01, 18.70, 23.00, 2.0029
13.28, -0.50, -0.01, 19.23, 29.00, 2.0056
13.40, 1.65, -0.01, 18.09, 23.00, 2.0056
13.28, -0.46, -0.01, 19.20, 30.00, 2.0084
13.40, 1.69, -0.01, 19.31, 23.00, 2.0084
13.28, -0.45, -0.01, 19.81, 30.00, 2.0112
13.40, 1.67, -0.01, 18.71, 23.00, 2.0112
13.28, -0.47, -0.01, 19.81, 30.00, 2.0140
13.40, 1.67, -0.01, 19.92, 23.00, 2.0140
13.28, -0.48, -0.01, 18.62, 30.00, 2.0168
13.40, 1.70, -0.01, 19.94, 23.00, 2.0168
13.28, -0.50, -0.01, 18.03, 30.00, 2.0195
13.40, 1.73, -0.01, 19.25, 24.00, 2.0195
13.28, -0.40, -0.01, 19.16, 31.00, 2.0223
13.40, 1.73, -0.01, 19.25, 23.00, 2.0223
13.28, -0.36, -0.00, 19.77, 31.00, 2.0251
13.40, 1.69, -0.00, 18.64, 23.00, 2.0251
13.28, -0.35, -0.00, 19.75, 32.00, 2.0279
13.40, 1.67, -0.00, 19.86, 23.00, 2.0279
13.28, -0.38, -0.01, 18.58, 32.00, 2.0306
13.40, 1.65, -0.01, 18.61, 23.00, 2.0306
13.28, -0.36, -0.00, 19.14, 32.00, 2.0334
13.40, 1.66, -0.00, 19.22, 23.00, 2.0334
13.28, -0.41, -0.01, 20.34, 32.00, 2.0362
13.40, 1.60, -0.01, 18.09, 22.00, 2.0362
13.28, -0.38, -0.01, 19.72, 31.00, 2.0390
13.40, 1.60, -0.01, 18.61, 22.00, 2.0390
13.27, -0.46, -0.01, 18.52, 31.00, 2.0417
13.38, 1.55, -0.01, 17.42, 22.00, 2.0417
13.27, -0.48, -0.01, 19.32, 30.00, 2.0445
13.40, 1.59, -0.01, 19.13, 22.00, 2.0445
13.28, -0.52, -0.01, 19.26, 30.00, 2.0473
13.40, 1.58, -0.01, 19.13, 21.00, 2.0473
13.28, -0.56, -0.01, 18.72, 29.00, 2.0501
13.39, 1.52, -0.01, 20.23, 21.00, 2.0501
13.28, -0.60, -0.01, 19.84, 29.00, 2.0529
13.39, 1.55, -0.01, 19.71, 21.00, 2.0529
13.27, -0.60, -0.01, 19.23, 29.00, 2.0556
13.39, 1.55, -0.01, 18.52, 21.00, 2.0556
13.27, -0.62, -0.01, 19.25, 29.00, 2.0584
13.41, 2.12, -0.01, 18.70, 29.00, 2.0584
13.26, -0.68, -0.01, 18.65, 28.00, 2.0612
13.41, 2.11, -0.01, 19.31, 29.00, 2.0612
13.26, -0.70, -0.01, 18.61, 28.00, 2.0640
13.41, 1.97, -0.01, 19.31, 27.00, 2.0640
13.26, -0.71, -0.01, 18.58, 27.00, 2.0667
13.40, 1.87, -0.01, 18.71, 26.00, 2.0667
13.26, -0.70, -0.01, 19.16, 27.00, 2.0695
13.41, 1.82, -0.01, 19.89, 25.00, 2.0695
13.26, -0.77, -0.01, 20.39, 27.00, 2.0723
13.40, 1.73, -0.01, 20.56, 24.00, 2.0723
13.26, -0.73, -0.01, 19.72, 27.00, 2.0751
13.40, 1.80, -0.01, 19.25, 24.00, 2.0751
13.26, -0.73, -0.01, 19.74, 27.00, 2.0779
13.40, 1.79, -0.01, 19.27, 24.00, 2.0779
13.26, -0.73, -0.01, 19.68, 27.00, 2.0806
13.40, 1.77, -0.01, 18.67, 24.00, 2.0806
13.26, -0.75, -0.01, 19.10, 27.00, 2.0834
13.40, 1.77, -0.01, 18.67, 24.00, 2.0834
13.26, -0.76, -0.01, 19.07, 26.00, 2.0862
13.40, 1.77, -0.01, 19.22, 24.00, 2.0862
13.26, -0.78, -0.01, 19.66, 27.00, 2.0890
13.40, 1.79, -0.01, 19.22, 24.00, 2.0890
13.26, -0.74, -0.01, 19.67, 27.00, 2.0918
13.40, 1.79, -0.01, 19.77, 24.00, 2.0918
13.26, -0.79, -0.01, 17.91, 27.00, 2.0945
13.40, 1.82, -0.01, 19.77, 25.00, 2.0945
13.26, -0.70, -0.01, 19.01, 27.00, 2.0973
13.40, 1.82, -0.01, 19.83, 25.00, 2.0973
13.24, -1.05, -0.01, 20.00, 22.00, 2.1001
13.40, 1.77, -0.01, 20.44, 25.00, 2.1001
13.24, -1.04, -0.01, 19.44, 22.00, 2.1029
13.40, 1.86, -0.01, 19.19, 25.00, 2.1029
13.24, -1.07, -0.01, 18.22, 22.00, 2.1056
13.40, 1.85, -0.01, 18.58, 25.00, 2.1056
13.24, -1.06, -0.01, 18.80, 22.00, 2.1084
13.40, 1.85, -0.01, 18.55, 25.00, 2.1084
13.24, -1.04, -0.01, 18.77, 21.00, 2.1112
13.40, 1.86, -0.01, 19.13, 25.00, 2.1112
13.24, -1.12, -0.01, 18.16, 21.00, 2.1140
13.40, 1.87, -0.01, 19.12, 25.00, 2.1140
13.24, -1.07, -0.01, 19.35, 21.00, 2.1167
13.41, 1.85, -0.01, 20.39, 26.00, 2.1167
13.24, -1.07, -0.01, 19.38, 21.00, 2.1195
13.41, 1.96, -0.01, 19.74, 26.00, 2.1195
13.24, -1.09, -0.01, 18.74, 21.00, 2.1223
13.38, 1.45, -0.01, 19.80, 20.00, 2.1223
13.24, -1.09, -0.01, 18.79, 21.00, 2.1251
13.38, 1.46, -0.01, 18.86, 20.00, 2.1251
13.24, -1.13, -0.01, 20.36, 21.00, 2.1279
13.38, 1.46, -0.01, 18.58, 20.00, 2.1279
13.24, -1.14, -0.01, 20.39, 21.00, 2.1306
13.38, 1.45, -0.01, 20.04, 20.00, 2.1306
13.24, -1.10, -0.01, 19.87, 21.00, 2.1334
13.38, 1.46, -0.01, 18.27, 20.00, 2.1334
13.25, -1.07, -0.01, 18.70, 21.00, 2.1362
13.38, 1.45, -0.01, 20.26, 20.00, 2.1362
13.24, -1.10, -0.01, 18.65, 21.00, 2.1390
13.38, 1.51, -0.01, 19.04, 20.00, 2.1390
13.24, -1.08, -0.01, 19.29, 21.00, 2.1418
13.38, 1.53, -0.01, 19.03, 21.00, 2.1418
13.24, -1.11, -0.01, 19.31, 21.00, 2.1445
13.38, 1.52, -0.01, 18.99, 21.00, 2.1445
13.24, -1.16, -0.01, 19.84, 21.00, 2.1473
13.38, 1.49, -0.01, 19.25, 20.00, 2.1473
13.24, -1.13, -0.01, 19.84, 21.00, 2.1501
13.38, 1.45, -0.01, 18.66, 20.00, 2.1501
13.24, -1.17, -0.01, 20.30, 21.00, 2.1529
13.38, 1.42, -0.01, 19.40, 19.00, 2.1529
13.24, -1.12, -0.01, 19.20, 21.00, 2.1556
13.38, 1.39, -0.01, 19.41, 19.00, 2.1556
13.24, -1.19, -0.01, 18.33, 20.00, 2.1584
13.38, 1.38, -0.01, 19.10, 19.00, 2.1584
13.24, -1.20, -0.01, 18.92, 20.00, 2.1612
13.38, 1.33, -0.01, 17.94, 18.00, 2.1612
13.24, -1.19, -0.01, 18.90, 20.00, 2.1640
13.38, 1.33, -0.01, 19.65, 18.00, 2.1640
13.24, -1.20, -0.01, 19.41, 20.00, 2.1668
13.38, 1.29, -0.01, 19.95, 18.00, 2.1668
13.24, -1.19, -0.01, 19.38, 19.00, 2.1695
13.38, 1.31, -0.01, 18.16, 18.00, 2.1695
13.24, -1.23, -0.02, 18.31, 19.00, 2.1723
13.38, 1.31, -0.02, 19.60, 18.00, 2.1723
13.24, -1.21, -0.02, 18.86, 20.00, 2.1751
13.38, 1.31, -0.02, 18.40, 18.00, 2.1751
13.24, -1.22, -0.02, 19.87, 19.00, 2.1779
13.38, 1.32, -0.02, 19.28, 18.00, 2.1779
13.24, -1.27, -0.02, 20.42, 19.00, 2.1806
13.38, 1.42, -0.02, 18.83, 19.00, 2.1806
13.24, -1.27, -0.02, 20.42, 19.00, 2.1834
13.38, 1.36, -0.02, 20.44, 19.00, 2.1834
13.24, -1.20, -0.01, 19.84, 19.00, 2.1862
13.38, 1.36, -0.01, 20.41, 19.00, 2.1862
13.24, -1.20, -0.01, 19.81, 19.00, 2.1890
13.38, 1.36, -0.01, 20.36, 19.00, 2.1890
13.24, -1.21, -0.02, 19.81, 19.00, 2.1917
13.38, 1.42, -0.02, 18.76, 19.00, 2.1917
13.24, -1.22, -0.02, 18.19, 19.00, 2.1945
13.38, 1.44, -0.02, 19.80, 20.00, 2.1945
13.24, -1.21, -0.02, 18.19, 19.00, 2.1973
13.38, 1.49, -0.02, 19.34, 20.00, 2.1973
13.24, -1.20, -0.01, 19.75, 19.00, 2.2001
13.38, 1.52, -0.01, 19.34, 21.00, 2.2001
13.24, -1.20, -0.01, 18.77, 19.00, 2.2029
13.38, 1.49, -0.01, 17.57, 21.00, 2.2029
13.24, -1.25, -0.02, 18.19, 19.00, 2.2056
13.38, 1.55, -0.02, 18.72, 21.00, 2.2056
13.24, -1.24, -0.02, 18.15, 19.00, 2.2084
13.38, 1.58, -0.02, 18.70, 21.00, 2.2084
13.24, -1.24, -0.02, 18.16, 19.00, 2.2112
13.38, 1.58, -0.02, 18.11, 22.00, 2.2112
13.24, -1.23, -0.02, 19.74, 19.00, 2.2140
13.38, 1.56, -0.02, 18.11, 22.00, 2.2140
13.24, -1.34, -0.02, 18.65, 18.00, 2.2168
13.38, 1.56, -0.02, 18.64, 21.00, 2.2168
13.24, -1.36, -0.02, 18.13, 18.00, 2.2195
13.38, 1.56, -0.02, 19.84, 21.00, 2.2195
13.23, -1.35, -0.02, 19.13, 18.00, 2.2223
13.38, 1.52, -0.02, 20.32, 21.00, 2.2223
13.22, -1.39, -0.02, 19.60, 17.00, 2.2251
13.38, 1.56, -0.02, 19.22, 21.00, 2.2251
13.23, -1.39, -0.02, 19.56, 17.00, 2.2279
13.38, 1.57, -0.02, 19.22, 21.00, 2.2279
13.22, -1.39, -0.02, 19.00, 17.00, 2.2306
13.38, 1.55, -0.02, 19.76, 21.00, 2.2306
13.22, -1.40, -0.02, 18.95, 17.00, 2.2334
13.38, 1.51, -0.02, 18.56, 21.00, 2.2334
13.22, -1.47, -0.02, 18.93, 17.00, 2.2362
13.38, 1.48, -0.02, 17.97, 21.00, 2.2362
13.22, -1.50, -0.02, 17.46, 17.00, 2.2390
13.35, 0.89, -0.02, 17.33, 12.00, 2.2390
13.22, -1.47, -0.02, 18.43, 17.00, 2.2417
13.35, 0.83, -0.02, 20.26, 12.00, 2.2417
13.22, -1.45, -0.02, 18.86, 17.00, 2.2445
13.35, 0.90, -0.02, 17.81, 12.00, 2.2445
13.22, -1.45, -0.02, 18.86, 17.00, 2.2473
13.37, 0.90, -0.02, 18.37, 12.00, 2.2473
13.22, -1.50, -0.02, 17.42, 16.00, 2.2501
13.35, 0.89, -0.02, 19.56, 12.00, 2.2501
13.22, -1.47, -0.02, 18.34, 16.00, 2.2529
13.35, 0.87, -0.02, 17.24, 12.00, 2.2529
13.22, -1.47, -0.02, 19.39, 16.00, 2.2556
13.35, 0.90, -0.02, 18.92, 12.00, 2.2556
13.22, -1.53, -0.02, 19.96, 16.00, 2.2584
13.35, 0.90, -0.02, 18.89, 12.00, 2.2584
13.22, -1.48, -0.02, 18.74, 16.00, 2.2612
13.35, 0.89, -0.02, 17.27, 12.00, 2.2612
13.22, -1.50, -0.02, 19.29, 16.00, 2.2640
13.35, 0.89, -0.02, 19.56, 12.00, 2.2640
13.22, -1.55, -0.02, 18.24, 16.00, 2.2667
13.36, 0.90, -0.02, 19.49, 12.00, 2.2667
13.24, -1.23, -0.02, 19.11, 20.00, 2.2695
13.36, 0.87, -0.02, 16.81, 12.00, 2.2695
13.22, -1.26, -0.02, 20.11, 20.00, 2.2723
13.35, 0.91, -0.02, 18.90, 12.00, 2.2723
13.23, -1.24, -0.02, 19.10, 20.00, 2.2751
13.35, 0.90, -0.02, 18.25, 12.00, 2.2751
13.22, -1.30, -0.02, 20.66, 19.00, 2.2779
13.35, 0.87, -0.02, 17.24, 12.00, 2.2779
13.22, -1.23, -0.02, 19.56, 20.00, 2.2806
13.35, 0.90, -0.02, 17.70, 12.00, 2.2806
13.22, -1.27, -0.02, 17.85, 20.00, 2.2834
13.35, 0.90, -0.02, 17.70, 12.00, 2.2834
13.23, -1.23, -0.02, 19.00, 20.00, 2.2862
13.35, 0.91, -0.02, 18.83, 12.00, 2.2862
13.22, -1.31, -0.02, 20.05, 19.00, 2.2890
13.35, 0.90, -0.02, 18.19, 12.00, 2.2890
13.24, -1.21, -0.02, 19.50, 20.00, 2.2918
13.35, 0.89, -0.02, 17.18, 12.00, 2.2918
13.22, -1.28, -0.02, 19.53, 20.00, 2.2945
13.35, 0.86, -0.02, 20.05, 12.00, 2.2945
13.22, -1.29, -0.02, 20.02, 20.00, 2.2973
13.35, 0.86, -0.02, 20.05, 12.00, 2.2973
13.24, -1.24, -0.02, 20.02, 20.00, 2.3001
13.35, 0.88, -0.02, 17.15, 12.00, 2.3001
13.22, -1.27, -0.02, 20.57, 20.00, 2.3029
13.39, 1.99, -0.02, 19.98, 27.00, 2.3029
13.24, -1.16, -0.01, 19.49, 21.00, 2.3056
13.39, 2.00, -0.01, 19.98, 27.00, 2.3056
13.24, -1.18, -0.01, 20.54, 21.00, 2.3084
13.39, 1.99, -0.01, 19.43, 27.00, 2.3084
13.24, -1.12, -0.01, 20.05, 21.00, 2.3112
13.40, 1.90, -0.01, 20.59, 27.00, 2.3112
13.24, -1.11, -0.01, 20.02, 22.00, 2.3140
13.39, 1.94, -0.01, 18.87, 27.00, 2.3140
13.24, -1.12, -0.01, 18.19, 21.00, 2.3167
13.40, 1.91, -0.01, 18.85, 26.00, 2.3167
13.24, -1.07, -0.01, 19.41, 22.00, 2.3195
13.40, 1.87, -0.01, 18.79, 26.00, 2.3195
13.24, -1.15, -0.01, 19.99, 22.00, 2.3223
13.40, 1.86, -0.01, 18.21, 26.00, 2.3223
13.24, -1.11, -0.01, 18.80, 22.00, 2.3251
13.40, 1.87, -0.01, 19.34, 26.00, 2.3251
13.24, -1.13, -0.01, 18.84, 22.00, 2.3279
13.40, 1.86, -0.01, 19.95, 25.00, 2.3279
13.24, -1.20, -0.01, 20.63, 21.00, 2.3306
13.40, 1.85, -0.01, 19.95, 25.00, 2.3306
13.22, -1.70, -0.02, 22.06, 17.00, 2.3334
13.40, 1.79, -0.02, 19.98, 25.00, 2.3334
13.22, -1.38, -0.02, 21.49, 16.00, 2.3362
13.40, 1.86, -0.02, 19.31, 25.00, 2.3362
13.24, -1.11, -0.01, 20.23, 21.00, 2.3390
13.40, 1.80, -0.01, 18.09, 25.00, 2.3390
13.26, -0.88, -0.01, 18.38, 24.00, 2.3417
13.40, 1.83, -0.01, 18.64, 25.00, 2.3417
13.25, -0.87, -0.01, 18.98, 24.00, 2.3445
13.40, 1.82, -0.01, 18.61, 25.00, 2.3445
13.26, -0.87, -0.01, 18.95, 24.00, 2.3473
13.40, 1.84, -0.01, 19.22, 25.00, 2.3473
13.26, -0.89, -0.01, 18.92, 24.00, 2.3501
13.40, 1.84, -0.01, 19.20, 25.00, 2.3501
13.26, -0.88, -0.01, 19.56, 24.00, 2.3529
13.40, 1.87, -0.01, 19.83, 25.00, 2.3529
13.26, -0.86, -0.01, 19.53, 24.00, 2.3556
13.40, 1.87, -0.01, 19.80, 25.00, 2.3556
13.26, -0.88, -0.01, 20.21, 24.00, 2.3584
13.38, 1.52, -0.01, 19.92, 21.00, 2.3584
13.26, -0.87, -0.01, 18.89, 24.00, 2.3612
13.38, 1.52, -0.01, 19.85, 21.00, 2.3612
13.26, -0.88, -0.01, 17.70, 24.00, 2.3640
13.38, 1.53, -0.01, 19.34, 21.00, 2.3640
13.25, -0.95, -0.01, 18.25, 24.00, 2.3668
13.38, 1.51, -0.01, 18.12, 21.00, 2.3668
13.24, -0.85, -0.01, 19.48, 24.00, 2.3695
13.38, 1.52, -0.01, 18.70, 21.00, 2.3695
13.26, -0.87, -0.01, 18.80, 24.00, 2.3723
13.38, 1.52, -0.01, 18.70, 21.00, 2.3723
13.26, -0.88, -0.01, 20.11, 24.00, 2.3751
13.38, 1.51, -0.01, 18.67, 21.00, 2.3751
13.26, -0.86, -0.01, 19.44, 24.00, 2.3779
13.38, 1.52, -0.01, 19.25, 21.00, 2.3779
13.26, -0.85, -0.01, 19.41, 24.00, 2.3806
13.38, 1.52, -0.01, 19.22, 21.00, 2.3806
13.26, -0.86, -0.01, 19.41, 24.00, 2.3834
13.38, 1.51, -0.01, 19.74, 20.00, 2.3834
13.26, -0.88, -0.01, 20.05, 24.00, 2.3862
13.38, 1.51, -0.01, 19.71, 20.00, 2.3862
13.26, -0.87, -0.01, 18.71, 24.00, 2.3890
13.38, 1.46, -0.01, 20.20, 20.00, 2.3890
13.26, -0.87, -0.01, 19.32, 24.00, 2.3917
13.38, 1.51, -0.01, 19.16, 20.00, 2.3917
13.26, -0.93, -0.01, 19.29, 24.00, 2.3945
13.38, 1.48, -0.01, 18.00, 20.00, 2.3945
13.24, -1.25, -0.02, 19.59, 19.00, 2.3973
13.38, 1.48, -0.02, 18.55, 20.00, 2.3973
13.24, -1.25, -0.02, 19.07, 19.00, 2.4001
13.38, 1.49, -0.02, 18.52, 20.00, 2.4001
13.23, -1.28, -0.02, 20.11, 19.00, 2.4029
13.38, 1.49, -0.02, 19.07, 20.00, 2.4029
13.24, -1.28, -0.02, 20.07, 19.00, 2.4056
13.38, 1.49, -0.02, 19.07, 20.00, 2.4056
13.22, -1.25, -0.02, 19.53, 19.00, 2.4084
13.38, 1.48, -0.02, 19.57, 20.00, 2.4084
13.23, -1.29, -0.02, 18.49, 19.00, 2.4112
13.38, 1.46, -0.02, 18.43, 20.00, 2.4112
13.22, -1.31, -0.02, 20.05, 19.00, 2.4140
13.38, 1.47, -0.02, 18.45, 20.00, 2.4140
13.22, -1.29, -0.02, 20.02, 19.00, 2.4167
13.38, 1.48, -0.02, 18.98, 20.00, 2.4167
13.24, -1.27, -0.02, 19.47, 19.00, 2.4195
13.38, 1.45, -0.02, 20.01, 20.00, 2.4195
13.23, -1.27, -0.02, 19.44, 19.00, 2.4223
13.38, 1.46, -0.02, 19.50, 20.00, 2.4223
13.23, -1.25, -0.02, 19.41, 19.00, 2.4251
13.38, 1.46, -0.02, 19.49, 20.00, 2.4251
13.22, -1.27, -0.02, 18.92, 19.00, 2.4279
13.36, 1.13, -0.02, 19.40, 15.00, 2.4279
13.22, -1.29, -0.02, 19.90, 19.00, 2.4306
13.36, 1.13, -0.02, 19.35, 15.00, 2.4306
13.24, -1.27, -0.02, 19.38, 19.00, 2.4334
13.36, 1.14, -0.02, 18.76, 15.00, 2.4334
13.22, -1.27, -0.02, 18.36, 19.00, 2.4362
13.36, 1.14, -0.02, 18.73, 15.00, 2.4362
13.22, -1.28, -0.02, 18.86, 19.00, 2.4390
13.36, 1.13, -0.02, 18.70, 15.00, 2.4390
13.22, -1.32, -0.02, 17.79, 18.00, 2.4418
13.36, 1.13, -0.02, 18.19, 15.00, 2.4418
13.22, -1.31, -0.02, 18.89, 18.00, 2.4445
13.36, 1.13, -0.02, 18.14, 15.00, 2.4445
13.22, -1.39, -0.02, 20.51, 18.00, 2.4473
13.36, 1.11, -0.02, 17.70, 15.00, 2.4473
13.23, -1.30, -0.02, 19.32, 18.00, 2.4501
13.36, 1.11, -0.02, 17.70, 15.00, 2.4501
13.22, -1.31, -0.02, 18.82, 18.00, 2.4529
13.36, 1.13, -0.02, 18.12, 15.00, 2.4529
13.22, -1.28, -0.02, 19.65, 19.00, 2.4556
13.36, 1.14, -0.02, 19.19, 15.00, 2.4556
13.23, -1.28, -0.02, 18.47, 19.00, 2.4584
13.36, 1.07, -0.02, 20.46, 15.00, 2.4584
13.22, -1.28, -0.02, 19.20, 19.00, 2.4612
13.36, 1.14, -0.02, 18.58, 15.00, 2.4612
13.22, -1.30, -0.02, 20.08, 19.00, 2.4640
13.36, 1.12, -0.02, 17.65, 15.00, 2.4640
13.22, -1.29, -0.02, 18.89, 19.00, 2.4667
13.36, 1.14, -0.02, 19.10, 15.00, 2.4667
13.22, -1.28, -0.02, 18.67, 19.00, 2.4695
13.36, 1.08, -0.02, 20.38, 15.00, 2.4695
13.22, -1.32, -0.02, 19.90, 19.00, 2.4723
13.36, 1.14, -0.02, 18.51, 15.00, 2.4723
13.22, -1.33, -0.02, 19.44, 19.00, 2.4751
13.36, 1.11, -0.02, 17.57, 15.00, 2.4751
13.22, -1.33, -0.02, 18.09, 19.00, 2.4779
13.36, 1.14, -0.02, 18.52, 15.00, 2.4779
13.22, -1.28, -0.02, 19.26, 19.00, 2.4806
13.36, 1.10, -0.02, 20.32, 15.00, 2.4806
13.22, -1.31, -0.02, 19.26, 19.00, 2.4834
13.36, 1.14, -0.02, 18.98, 15.00, 2.4834
13.22, -1.29, -0.02, 18.19, 19.00, 2.4862
13.38, 1.41, -0.02, 18.21, 19.00, 2.4862
13.22, -1.26, -0.02, 19.39, 19.00, 2.4890
13.38, 1.42, -0.02, 18.21, 19.00, 2.4890
13.22, -1.29, -0.02, 20.08, 19.00, 2.4918
13.38, 1.44, -0.02, 18.73, 20.00, 2.4918
13.22, -1.26, -0.02, 18.86, 19.00, 2.4945
13.38, 1.44, -0.02, 18.73, 20.00, 2.4945
13.22, -1.33, -0.02, 17.36, 19.00, 2.4973
13.38, 1.44, -0.02, 19.25, 20.00, 2.4973
13.22, -1.27, -0.02, 18.80, 19.00, 2.5001
13.38, 1.44, -0.02, 19.22, 20.00, 2.5001
13.22, -1.29, -0.02, 19.99, 19.00, 2.5029
13.38, 1.43, -0.02, 19.18, 19.00, 2.5029
13.22, -1.29, -0.02, 19.35, 19.00, 2.5056
13.38, 1.44, -0.02, 18.64, 19.00, 2.5056
13.22, -1.32, -0.02, 19.14, 19.00, 2.5084
13.38, 1.43, -0.02, 18.64, 20.00, 2.5084
13.22, -1.28, -0.02, 19.50, 20.00, 2.5112
13.38, 1.41, -0.02, 18.03, 20.00, 2.5112
13.24, -0.93, -0.01, 19.81, 25.00, 2.5140
13.38, 1.46, -0.01, 19.16, 20.00, 2.5140
13.26, -0.95, -0.01, 18.67, 25.00, 2.5168
13.38, 1.45, -0.01, 18.03, 20.00, 2.5168
13.24, -0.92, -0.01, 19.20, 25.00, 2.5195
13.38, 1.45, -0.01, 18.55, 20.00, 2.5195
13.25, -0.95, -0.01, 20.36, 25.00, 2.5223
13.38, 1.48, -0.01, 19.64, 20.00, 2.5223
13.25, -0.92, -0.01, 19.23, 25.00, 2.5251
13.38, 1.48, -0.01, 20.13, 20.00, 2.5251
13.25, -0.95, -0.01, 18.65, 25.00, 2.5279
13.38, 1.52, -0.01, 19.10, 21.00, 2.5279
13.24, -0.92, -0.01, 19.72, 25.00, 2.5306
13.38, 1.45, -0.01, 20.71, 20.00, 2.5306
13.24, -0.94, -0.01, 20.33, 25.00, 2.5334
13.38, 1.45, -0.01, 20.68, 20.00, 2.5334
13.25, -0.92, -0.01, 19.16, 25.00, 2.5362
13.38, 1.52, -0.01, 19.56, 21.00, 2.5362
13.24, -0.96, -0.01, 18.58, 25.00, 2.5390
13.38, 1.51, -0.01, 20.07, 21.00, 2.5390
13.26, -0.93, -0.01, 19.69, 25.00, 2.5417
13.38, 1.51, -0.01, 18.95, 21.00, 2.5417
13.24, -0.93, -0.01, 19.72, 25.00, 2.5445
13.38, 1.53, -0.01, 20.41, 21.00, 2.5445
13.24, -0.93, -0.01, 19.11, 25.00, 2.5473
13.38, 1.53, -0.01, 20.35, 21.00, 2.5473
13.24, -0.93, -0.01, 19.07, 25.00, 2.5501
13.38, 1.56, -0.01, 19.85, 21.00, 2.5501
13.24, -0.92, -0.01, 19.65, 25.00, 2.5529
13.39, 1.56, -0.01, 18.67, 21.00, 2.5529
13.24, -0.92, -0.01, 19.65, 25.00, 2.5556
13.38, 1.58, -0.01, 19.25, 21.00, 2.5556
13.24, -0.92, -0.01, 19.07, 25.00, 2.5584
13.38, 1.55, -0.01, 20.20, 21.00, 2.5584
13.24, -0.92, -0.01, 19.04, 25.00, 2.5612
13.38, 1.55, -0.01, 20.22, 21.00, 2.5612
13.26, -0.95, -0.01, 20.18, 25.00, 2.5640
13.38, 1.58, -0.01, 19.77, 22.00, 2.5640
13.24, -0.93, -0.01, 19.60, 25.00, 2.5668
13.38, 1.58, -0.01, 19.75, 22.00, 2.5668
13.24, -0.98, -0.01, 18.49, 25.00, 2.5695
13.38, 1.57, -0.01, 19.19, 21.00, 2.5695
13.24, -1.34, -0.02, 19.99, 20.00, 2.5723
13.38, 1.53, -0.02, 18.02, 21.00, 2.5723
13.24, -1.31, -0.02, 19.99, 20.00, 2.5751
13.38, 1.55, -0.02, 18.57, 21.00, 2.5751
13.24, -1.30, -0.02, 19.50, 20.00, 2.5779
13.40, 1.56, -0.02, 18.55, 21.00, 2.5779
13.24, -1.31, -0.02, 19.47, 20.00, 2.5806
13.38, 1.56, -0.02, 19.70, 21.00, 2.5806
13.24, -1.30, -0.02, 19.93, 20.00, 2.5834
13.38, 1.55, -0.02, 19.13, 21.00, 2.5834
13.23, -1.31, -0.02, 19.90, 20.00, 2.5862
13.38, 1.53, -0.02, 19.10, 21.00, 2.5862
13.24, -1.31, -0.02, 19.87, 20.00, 2.5890
13.38, 1.52, -0.02, 18.49, 21.00, 2.5890
13.24, -1.31, -0.02, 19.38, 20.00, 2.5917
13.38, 1.52, -0.02, 19.65, 21.00, 2.5917
13.24, -1.36, -0.02, 20.42, 19.00, 2.5945
13.38, 1.48, -0.02, 17.88, 20.00, 2.5945
13.22, -1.32, -0.02, 18.86, 20.00, 2.5973
13.38, 1.48, -0.02, 17.85, 21.00, 2.5973
13.23, -1.33, -0.02, 18.86, 19.00, 2.6001
13.38, 1.51, -0.02, 18.97, 21.00, 2.6001
13.23, -1.36, -0.02, 18.25, 19.00, 2.6029
13.38, 1.51, -0.02, 19.56, 21.00, 2.6029
13.24, -1.34, -0.02, 19.32, 19.00, 2.6056
13.38, 1.51, -0.02, 19.58, 20.00, 2.6056
13.22, -1.39, -0.02, 20.36, 19.00, 2.6084
13.36, 1.15, -0.02, 19.56, 16.00, 2.6084
13.24, -1.32, -0.02, 19.81, 19.00, 2.6112
13.36, 1.07, -0.02, 16.11, 15.00, 2.6112
13.24, -1.33, -0.02, 19.78, 19.00, 2.6140
13.36, 1.07, -0.02, 16.23, 14.00, 2.6140
13.22, -1.36, -0.02, 20.33, 19.00, 2.6167
13.36, 1.17, -0.02, 19.31, 16.00, 2.6167
13.22, -1.32, -0.02, 19.23, 19.00, 2.6195
13.36, 1.04, -0.02, 20.80, 15.00, 2.6195
13.23, -1.37, -0.02, 17.54, 19.00, 2.6223
13.35, 0.31, -0.02, 22.42, 9.00, 2.6223
13.22, -1.37, -0.02, 18.65, 19.00, 2.6251
13.36, 1.00, -0.02, 21.08, 10.00, 2.6251
13.22, -1.33, -0.02, 18.65, 19.00, 2.6279
13.36, 1.17, -0.02, 18.98, 15.00, 2.6279
13.22, -1.51, -0.02, 19.13, 15.00, 2.6306
13.36, 1.17, -0.02, 18.98, 16.00, 2.6306
13.22, -1.53, -0.02, 19.13, 15.00, 2.6334
13.36, 1.15, -0.02, 19.59, 16.00, 2.6334
13.22, -1.54, -0.02, 17.70, 15.00, 2.6362
13.36, 1.17, -0.02, 18.64, 16.00, 2.6362
13.22, -1.59, -0.02, 16.23, 14.00, 2.6390
13.36, 1.15, -0.02, 19.65, 16.00, 2.6390
13.22, -1.51, -0.02, 17.48, 15.00, 2.6418
13.36, 1.15, -0.02, 19.68, 16.00, 2.6418
13.22, -1.49, -0.02, 19.07, 15.00, 2.6445
13.36, 1.17, -0.02, 18.49, 16.00, 2.6445
13.22, -1.52, -0.02, 19.84, 15.00, 2.6473
13.36, 1.17, -0.02, 19.46, 16.00, 2.6473
13.22, -1.50, -0.02, 17.97, 15.00, 2.6501
13.36, 1.14, -0.02, 20.04, 15.00, 2.6501
13.22, -1.51, -0.02, 18.77, 15.00, 2.6529
13.36, 1.17, -0.02, 18.58, 16.00, 2.6529
13.22, -1.57, -0.02, 19.53, 15.00, 2.6556
13.36, 1.17, -0.02, 18.55, 16.00, 2.6556
13.22, -1.54, -0.02, 17.70, 15.00, 2.6584
13.36, 1.17, -0.02, 19.80, 16.00, 2.6584
13.22, -1.55, -0.02, 17.51, 15.00, 2.6612
13.36, 1.18, -0.02, 19.02, 16.00, 2.6612
13.22, -1.52, -0.02, 19.23, 15.00, 2.6640
13.36, 1.15, -0.02, 17.91, 16.00, 2.6640
13.22, -1.55, -0.02, 18.74, 15.00, 2.6667
13.36, 0.96, -0.02, 20.07, 13.00, 2.6667
13.22, -1.51, -0.02, 18.03, 15.00, 2.6695
13.36, 0.96, -0.02, 20.07, 13.00, 2.6695
13.22, -1.54, -0.02, 20.06, 15.00, 2.6723
13.37, 0.96, -0.02, 16.81, 13.00, 2.6723
13.22, -1.51, -0.02, 18.21, 15.00, 2.6751
13.36, 1.00, -0.02, 19.37, 13.00, 2.6751
13.22, -1.51, -0.02, 19.20, 15.00, 2.6779
13.34, 1.00, -0.02, 19.37, 13.00, 2.6779
13.22, -1.50, -0.02, 18.92, 15.00, 2.6806
13.36, 0.97, -0.02, 19.98, 13.00, 2.6806
13.22, -1.58, -0.02, 18.40, 15.00, 2.6834
13.35, 0.97, -0.02, 19.98, 14.00, 2.6834
13.22, -1.56, -0.02, 20.11, 15.00, 2.6862
13.36, 1.00, -0.02, 19.27, 14.00, 2.6862
13.22, -1.69, -0.02, 17.48, 14.00, 2.6890
13.36, 1.00, -0.02, 19.25, 14.00, 2.6890
13.22, -1.65, -0.02, 18.51, 14.00, 2.6917
13.35, 0.99, -0.02, 19.25, 14.00, 2.6917
13.22, -1.69, -0.02, 17.07, 14.00, 2.6945
13.36, 1.00, -0.02, 18.64, 14.00, 2.6945
13.22, -1.67, -0.02, 19.10, 14.00, 2.6973
13.36, 0.98, -0.02, 17.57, 13.00, 2.6973
13.22, -1.65, -0.02, 18.46, 14.00, 2.7001
13.36, 0.98, -0.02, 18.08, 14.00, 2.7001
13.22, -1.67, -0.02, 18.43, 14.00, 2.7029
13.36, 1.00, -0.02, 19.22, 14.00, 2.7029
13.22, -1.69, -0.02, 17.03, 14.00, 2.7056
13.35, 0.97, -0.02, 19.86, 13.00, 2.7056
13.22, -1.65, -0.02, 19.01, 14.00, 2.7084
13.36, 1.00, -0.02, 18.61, 14.00, 2.7084
13.22, -1.67, -0.02, 17.91, 14.00, 2.7112
13.36, 0.97, -0.02, 19.77, 13.00, 2.7112
13.21, -1.74, -0.02, 18.40, 14.00, 2.7140
13.36, 1.00, -0.02, 19.16, 13.00, 2.7140
13.22, -1.67, -0.02, 19.60, 14.00, 2.7168
13.36, 0.98, -0.02, 18.00, 14.00, 2.7168
13.22, -1.70, -0.02, 17.03, 14.00, 2.7195
13.36, 1.00, -0.02, 18.55, 14.00, 2.7195
13.22, -1.70, -0.02, 20.30, 14.00, 2.7223
13.36, 0.98, -0.02, 19.74, 13.00, 2.7223
13.22, -1.67, -0.02, 19.59, 14.00, 2.7251
13.36, 1.06, -0.02, 18.98, 14.00, 2.7251
13.22, -1.65, -0.02, 18.37, 14.00, 2.7279
13.36, 1.07, -0.02, 18.98, 14.00, 2.7279
13.22, -1.70, -0.02, 18.34, 14.00, 2.7306
13.35, 1.05, -0.02, 18.40, 14.00, 2.7306
13.22, -1.67, -0.02, 17.82, 14.00, 2.7334
13.36, 1.05, -0.02, 19.56, 14.00, 2.7334
13.22, -1.67, -0.02, 17.82, 14.00, 2.7362
13.35, 1.06, -0.02, 19.59, 14.00, 2.7362
13.22, -1.65, -0.02, 18.31, 14.00, 2.7390
13.36, 1.07, -0.02, 18.92, 14.00, 2.7390
13.22, -1.72, -0.02, 18.31, 14.00, 2.7417
13.36, 1.07, -0.02, 18.92, 14.00, 2.7417
13.22, -1.64, -0.02, 18.86, 14.00, 2.7445
13.36, 1.06, -0.02, 19.50, 14.00, 2.7445
13.22, -1.51, -0.02, 18.52, 16.00, 2.7473
13.36, 1.06, -0.02, 19.47, 14.00, 2.7473
13.22, -1.51, -0.02, 18.06, 16.00, 2.7501
13.36, 1.07, -0.02, 18.30, 14.00, 2.7501
13.22, -1.48, -0.02, 19.03, 16.00, 2.7529
13.36, 1.04, -0.02, 17.77, 14.00, 2.7529
13.22, -1.48, -0.02, 19.04, 16.00, 2.7556
13.35, 1.05, -0.02, 17.76, 14.00, 2.7556
13.22, -1.50, -0.02, 19.59, 16.00, 2.7584
13.36, 1.05, -0.02, 18.21, 14.00, 2.7584
13.22, -1.52, -0.02, 18.44, 16.00, 2.7612
13.36, 1.07, -0.02, 18.24, 15.00, 2.7612
13.22, -1.53, -0.02, 18.00, 16.00, 2.7640
13.35, 1.04, -0.02, 17.73, 14.00, 2.7640
13.22, -1.50, -0.02, 18.00, 16.00, 2.7667
13.36, 1.05, -0.02, 17.71, 14.00, 2.7667
13.22, -1.48, -0.02, 19.53, 16.00, 2.7695
13.36, 1.06, -0.02, 17.73, 14.00, 2.7695
13.22, -1.50, -0.02, 19.50, 16.00, 2.7723
13.36, 1.06, -0.02, 18.21, 15.00, 2.7723
13.22, -1.47, -0.02, 19.50, 16.00, 2.7751
13.36, 1.07, -0.02, 19.28, 14.00, 2.7751
13.22, -1.49, -0.02, 20.11, 16.00, 2.7779
13.36, 1.05, -0.02, 17.66, 14.00, 2.7779
13.22, -1.48, -0.02, 20.05, 16.00, 2.7806
13.36, 1.07, -0.02, 18.70, 15.00, 2.7806
13.22, -1.46, -0.02, 19.41, 17.00, 2.7834
13.36, 1.13, -0.02, 16.99, 15.00, 2.7834
13.22, -1.46, -0.02, 19.38, 17.00, 2.7862
13.36, 1.15, -0.02, 17.94, 16.00, 2.7862
13.22, -1.49, -0.02, 17.88, 16.00, 2.7890
13.36, 1.17, -0.02, 19.16, 16.00, 2.7890
13.22, -1.45, -0.02, 18.80, 16.00, 2.7918
13.36, 1.17, -0.02, 19.34, 16.00, 2.7918
13.22, -1.51, -0.02, 19.93, 16.00, 2.7945
13.36, 1.15, -0.02, 18.03, 16.00, 2.7945
13.22, -1.49, -0.02, 18.28, 16.00, 2.7973
13.36, 1.17, -0.02, 19.34, 16.00, 2.7973
13.22, -1.45, -0.02, 19.29, 17.00, 2.8001
13.36, 1.18, -0.02, 19.15, 16.00, 2.8001
13.22, -1.46, -0.02, 18.79, 17.00, 2.8029
13.36, 1.16, -0.02, 18.09, 16.00, 2.8029
13.22, -1.33, -0.02, 19.41, 18.00, 2.8056
13.36, 1.17, -0.02, 19.34, 16.00, 2.8056
13.22, -1.36, -0.02, 17.76, 17.00, 2.8084
13.36, 1.18, -0.02, 18.95, 16.00, 2.8084
13.22, -1.32, -0.02, 19.72, 18.00, 2.8112
13.36, 1.15, -0.02, 17.76, 16.00, 2.8112
13.23, -1.33, -0.02, 19.09, 18.00, 2.8140
13.36, 1.14, -0.02, 17.45, 15.00, 2.8140
13.24, -1.34, -0.02, 18.52, 18.00, 2.8167
13.36, 1.17, -0.02, 18.73, 16.00, 2.8167
13.22, -1.32, -0.02, 19.35, 18.00, 2.8195
13.36, 1.17, -0.02, 19.74, 16.00, 2.8195
13.24, -1.35, -0.02, 19.35, 18.00, 2.8223
13.36, 1.17, -0.02, 18.18, 16.00, 2.8223
13.22, -1.37, -0.02, 19.04, 18.00, 2.8251
13.36, 1.13, -0.02, 17.03, 16.00, 2.8251
13.22, -1.35, -0.02, 19.04, 18.00, 2.8279
13.36, 1.15, -0.02, 18.00, 16.00, 2.8279
13.22, -1.38, -0.02, 18.40, 17.00, 2.8306
13.36, 1.18, -0.02, 19.31, 16.00, 2.8306
13.22, -1.37, -0.02, 18.70, 18.00, 2.8334
13.36, 1.18, -0.02, 18.88, 16.00, 2.8334
13.22, -1.37, -0.02, 19.29, 17.00, 2.8362
13.36, 1.17, -0.02, 18.12, 16.00, 2.8362
13.24, -1.35, -0.02, 18.34, 18.00, 2.8390
13.36, 1.18, -0.02, 19.56, 16.00, 2.8390
13.24, -1.35, -0.02, 19.66, 17.00, 2.8418
13.36, 1.18, -0.02, 18.67, 16.00, 2.8418
13.22, -1.35, -0.02, 18.61, 17.00, 2.8445
13.36, 1.14, -0.02, 19.10, 15.00, 2.8445
13.22, -1.35, -0.02, 20.05, 17.00, 2.8473
13.36, 1.13, -0.02, 18.03, 15.00, 2.8473
13.22, -1.37, -0.02, 17.94, 17.00, 2.8501
13.36, 1.14, -0.02, 18.55, 15.00, 2.8501
13.22, -1.34, -0.02, 19.63, 17.00, 2.8529
13.36, 1.13, -0.02, 19.71, 15.00, 2.8529
13.22, -1.41, -0.02, 18.24, 17.00, 2.8556
13.36, 1.13, -0.02, 19.65, 15.00, 2.8556
13.22, -1.40, -0.02, 19.22, 17.00, 2.8584
13.36, 1.13, -0.02, 18.00, 15.00, 2.8584
13.22, -1.38, -0.02, 18.49, 17.00, 2.8612
13.36, 1.14, -0.02, 18.00, 16.00, 2.8612
13.24, -1.14, -0.01, 19.23, 21.00, 2.8640
13.36, 1.14, -0.01, 19.65, 15.00, 2.8640
13.24, -1.13, -0.01, 19.23, 21.00, 2.8668
13.36, 1.14, -0.01, 19.60, 16.00, 2.8668
13.24, -1.10, -0.01, 18.61, 21.00, 2.8695
13.36, 1.14, -0.01, 18.40, 15.00, 2.8695
13.24, -1.04, -0.01, 19.84, 21.00, 2.8723
13.36, 1.14, -0.01, 17.94, 16.00, 2.8723
13.24, -1.03, -0.01, 18.56, 21.00, 2.8751
13.36, 1.17, -0.01, 18.98, 16.00, 2.8751
13.24, -1.00, -0.01, 18.03, 22.00, 2.8779
13.36, 1.18, -0.01, 18.40, 16.00, 2.8779
13.24, -0.87, -0.01, 19.18, 23.00, 2.8806
13.36, 1.20, -0.01, 19.49, 16.00, 2.8806
13.26, -0.84, -0.01, 18.61, 24.00, 2.8834
13.36, 1.19, -0.01, 18.92, 16.00, 2.8834
13.26, -0.77, -0.01, 19.81, 25.00, 2.8862
13.36, 1.14, -0.01, 20.16, 16.00, 2.8862
13.24, -0.89, -0.01, 20.48, 25.00, 2.8890
13.36, 1.17, -0.01, 18.91, 16.00, 2.8890
13.24, -0.87, -0.01, 19.17, 24.00, 2.8917
13.36, 1.15, -0.01, 18.35, 16.00, 2.8917
13.24, -0.90, -0.01, 19.19, 24.00, 2.8945
13.36, 1.14, -0.01, 17.45, 16.00, 2.8945
13.24, -0.96, -0.01, 18.55, 23.00, 2.8973
13.36, 1.17, -0.01, 18.83, 16.00, 2.8973
13.24, -0.98, -0.01, 19.75, 23.00, 2.9001
13.36, 1.18, -0.01, 18.86, 16.00, 2.9001
13.24, -0.98, -0.01, 19.12, 22.00, 2.9029
13.36, 1.18, -0.01, 19.40, 16.00, 2.9029
13.24, -1.00, -0.01, 19.13, 22.00, 2.9056
13.36, 1.10, -0.01, 20.69, 16.00, 2.9056
13.24, -1.03, -0.01, 18.49, 22.00, 2.9084
13.36, 1.32, -0.01, 19.59, 18.00, 2.9084
13.24, -1.02, -0.01, 19.70, 22.00, 2.9112
13.36, 1.31, -0.01, 19.58, 18.00, 2.9112
13.24, -1.05, -0.01, 19.71, 21.00, 2.9140
13.36, 1.28, -0.01, 20.14, 18.00, 2.9140
13.24, -1.09, -0.01, 19.06, 21.00, 2.9168
13.36, 1.29, -0.01, 20.09, 18.00, 2.9168
13.24, -1.13, -0.01, 19.04, 21.00, 2.9195
13.36, 1.31, -0.01, 19.47, 18.00, 2.9195
13.24, -1.32, -0.02, 18.12, 18.00, 2.9223
13.36, 1.31, -0.02, 19.46, 18.00, 2.9223
13.24, -1.30, -0.02, 18.12, 18.00, 2.9251
13.36, 1.28, -0.02, 17.94, 18.00, 2.9251
13.24, -1.27, -0.02, 18.61, 18.00, 2.9279
13.36, 1.28, -0.02, 17.94, 18.00, 2.9279
13.24, -1.28, -0.02, 18.58, 18.00, 2.9306
13.36, 1.28, -0.02, 17.94, 18.00, 2.9306
13.24, -1.25, -0.02, 19.04, 18.00, 2.9334
13.36, 1.31, -0.02, 18.43, 18.00, 2.9334
13.24, -1.25, -0.02, 19.04, 18.00, 2.9362
13.36, 1.30, -0.02, 19.40, 18.00, 2.9362
13.24, -1.25, -0.02, 19.04, 18.00, 2.9390
13.36, 1.28, -0.02, 19.98, 18.00, 2.9390
13.24, -1.27, -0.02, 19.50, 18.00, 2.9417
13.36, 1.31, -0.02, 18.86, 18.00, 2.9417
13.24, -1.28, -0.02, 19.50, 18.00, 2.9445
13.36, 1.25, -0.02, 17.33, 17.00, 2.9445
13.24, -1.35, -0.02, 20.05, 18.00, 2.9473
13.36, 1.29, -0.02, 18.37, 18.00, 2.9473
13.24, -1.31, -0.02, 20.04, 18.00, 2.9501
13.36, 1.28, -0.02, 18.33, 18.00, 2.9501
13.22, -1.31, -0.02, 19.44, 18.00, 2.9529
13.36, 1.29, -0.02, 18.85, 17.00, 2.9529
13.24, -1.29, -0.02, 19.44, 18.00, 2.9556
13.36, 1.28, -0.02, 19.92, 17.00, 2.9556
13.24, -1.28, -0.02, 19.44, 18.00, 2.9584
13.36, 1.24, -0.02, 17.30, 17.00, 2.9584
13.24, -1.27, -0.02, 18.92, 18.00, 2.9612
13.36, 1.29, -0.02, 19.31, 17.00, 2.9612
13.24, -1.27, -0.02, 18.90, 18.00, 2.9640
13.36, 1.28, -0.02, 20.50, 17.00, 2.9640
13.24, -1.28, -0.02, 19.39, 18.00, 2.9667
13.36, 1.20, -0.02, 18.43, 16.00, 2.9667
13.24, -1.27, -0.02, 19.41, 18.00, 2.9695
13.36, 1.17, -0.02, 17.67, 16.00, 2.9695
13.24, -1.28, -0.02, 18.40, 18.00, 2.9723
13.36, 1.19, -0.02, 19.98, 16.00, 2.9723
13.24, -1.35, -0.02, 18.86, 18.00, 2.9751
13.36, 1.18, -0.02, 18.09, 16.00, 2.9751
13.23, -1.31, -0.02, 19.90, 18.00, 2.9779
13.36, 1.20, -0.02, 19.65, 16.00, 2.9779
13.24, -1.33, -0.02, 20.57, 19.00, 2.9806
13.36, 1.21, -0.02, 18.92, 16.00, 2.9806
13.24, -1.33, -0.02, 20.54, 19.00, 2.9834
13.36, 1.20, -0.02, 18.61, 16.00, 2.9834
13.24, -1.28, -0.02, 19.93, 20.00, 2.9862
13.36, 1.18, -0.02, 19.98, 16.00, 2.9862
13.24, -1.27, -0.02, 19.90, 20.00, 2.9890
13.36, 1.20, -0.02, 18.55, 16.00, 2.9890
13.24, -1.22, -0.02, 19.41, 20.00, 2.9918
13.36, 1.21, -0.02, 18.86, 16.00, 2.9918
13.24, -1.22, -0.02, 19.38, 20.00, 2.9945
13.36, 1.20, -0.02, 19.56, 16.00, 2.9945
13.24, -1.23, -0.02, 19.35, 20.00, 2.9973
13.36, 1.18, -0.02, 17.94, 16.00, 2.9973
13.24, -1.22, -0.02, 18.80, 20.00, 3.0001
13.36, 1.18, -0.02, 19.98, 16.00, 3.0001
13.24, -1.26, -0.02, 17.64, 20.00, 3.0029
13.36, 1.20, -0.02, 18.18, 16.00, 3.0029
13.24, -1.25, -0.02, 19.35, 20.00, 3.0056
13.36, 1.21, -0.02, 19.56, 16.00, 3.0056
13.24, -1.22, -0.02, 19.35, 20.00, 3.0084
13.36, 1.20, -0.02, 18.73, 16.00, 3.0084
13.24, -1.18, -0.01, 18.77, 20.00, 3.0112
13.36, 1.21, -0.01, 19.10, 16.00, 3.0112
13.24, -1.17, -0.01, 18.74, 21.00, 3.0140
13.36, 1.21, -0.01, 19.07, 16.00, 3.0140
